    1   88
    2   212
    3   316
    4   188
    5   148
    6   20
    7   -48
    8   54
    9   76
   10   66
   11   68
   12   60
   13   18
   14   -26
   15   -58
   16   -32
   17   -74
   18   -68
   19   -70
   20   -80
   21   -82
   22   -84
   23   -106
   24   -104
   25   -110
   26   -96
   27   -146
   28   -106
   29   -132
   30   -122
   31   -158
   32   -132
   33   -116
   34   -130
   35   -116
   36   -90
   37   -68
   38   -34
   39   -2
   40   0
   41   46
   42   48
   43   50
   44   80
   45   92
   46   68
   47   94
   48   74
   49   76
   50   66
   51   70
   52   66
   53   46
   54   70
   55   40
   56   40
   57   68
   58   40
   59   54
   60   40
   61   58
   62   20
   63   56
   64   26
   65   34
   66   36
   67   22
   68   8
   69   32
   70   18
   71   6
   72   2
   73   16
   74   26
   75   32
   76   70
   77   40
   78   50
   79   26
   80   14
   81   20
   82   -18
   83   -24
   84   -12
   85   -36
   86   -16
   87   -34
   88   -22
   89   -24
   90   -50
   91   -26
   92   -20
   93   -44
   94   -6
   95   -50
   96   -46
   97   -24
   98   -12
