    1   72
    2   84
    3   50
    4   116
    5   54
    6   -22
    7   -70
    8   -58
    9   -72
   10   -72
   11   -82
   12   -94
   13   -86
   14   -100
   15   -114
   16   -118
   17   -126
   18   -140
   19   -136
   20   -146
   21   -154
   22   -166
   23   -164
   24   -156
   25   -182
   26   -158
   27   -154
   28   -140
   29   -144
   30   -104
   31   -102
   32   -64
   33   -36
   34   -2
   35   24
   36   60
   37   62
   38   80
   39   100
   40   100
   41   94
   42   102
   43   88
   44   78
   45   72
   46   60
   47   58
   48   52
   49   40
   50   46
   51   48
   52   34
   53   36
   54   28
   55   42
   56   12
   57   20
   58   26
   59   14
   60   8
   61   8
   62   -6
   63   -6
   64   16
   65   -18
   66   -10
   67   -6
   68   -14
   69   -10
   70   -16
   71   4
   72   18
   73   16
   74   22
   75   2
   76   -14
   77   -28
   78   -36
   79   -38
   80   -48
   81   -42
   82   -54
   83   -22
   84   -48
   85   -38
   86   -30
   87   -36
   88   -44
   89   -22
   90   -36
   91   -30
   92   -36
   93   -20
   94   10
   95   28
   96   128
   97   255
   98   128
   99   160
  100   32
  101   -10
