    1   -2
    2   8
    3   16
    4   -24
    5   -6
    6   -90
    7   37
    8   -91
    9   -88
   10   -82
   11   -50
   12   -142
   13   -54
   14   -96
   15   -120
   16   -156
   17   -118
   18   -176
   19   -228
   20   -112
   21   -240
   22   -296
   23   -248
   24   -268
   25   -306
   26   -276
   27   -262
   28   -264
   29   -232
   30   -164
   31   -176
   32   -138
   33   -36
   34   -22
   35   -16
   36   22
   37   28
   38   44
   39   62
   40   32
   41   28
   42   72
   43   16
   44   10
   45   52
   46   22
   47   10
   48   22
   49   44
   50   22
   51   26
   52   56
   53   16
   54   6
   55   0
   56   26
   57   30
   58   26
   59   -20
   60   4
   61   26
   62   0
   63   -40
   64   40
   65   -24
   66   0
   67   -32
   68   44
   69   -48
   70   -10
   71   -12
   72   -12
   73   -16
   74   38
   75   32
   76   20
   77   8
   78   -10
   79   26
   80   -54
   81   -12
   82   -32
