    1   72
    2   154
    3   262
    4   360
    5   232
    6   104
    7   -24
    8   -10
    9   72
   10   94
   11   60
   12   54
   13   46
   14   50
   15   16
   16   8
   17   2
   18   -8
   19   0
   20   -32
   21   -28
   22   -14
   23   -22
   24   -48
   25   -60
   26   -8
   27   -62
   28   -90
   29   -66
   30   -60
   31   -78
   32   -66
   33   -44
   34   -74
   35   -34
   36   -10
   37   2
   38   18
   39   50
   40   54
   41   94
   42   90
   43   86
   44   142
   45   130
   46   120
   47   132
   48   118
   49   124
   50   122
   51   112
   52   124
   53   98
   54   106
   55   132
   56   86
   57   76
   58   124
   59   116
   60   82
   61   94
   62   96
   63   94
   64   94
   65   94
   66   54
   67   92
   68   84
   69   70
   70   60
   71   46
   72   64
   73   64
   74   76
   75   102
   76   84
   77   74
   78   102
   79   56
   80   62
   81   48
   82   0
   83   62
   84   -2
   85   38
   86   40
   87   -8
   88   14
   89   4
   90   38
   91   10
   92   18
   93   -26
   94   26
   95   32
   96   -8
