    1   189
    2   316
    3   188
    4   180
    5   52
    6   -8
    7   66
    8   100
    9   76
   10   44
   11   70
   12   -4
   13   -10
   14   -32
   15   -66
   16   -44
   17   -86
   18   -68
   19   -48
   20   -92
   21   -76
   22   -118
   23   -102
   24   -136
   25   -110
   26   -166
   27   -164
   28   -142
   29   -190
   30   -210
   31   -198
   32   -214
   33   -184
   34   -150
   35   -206
   36   -162
   37   -70
   38   -84
   39   -40
   40   18
   41   18
   42   76
   43   58
   44   102
   45   106
   46   96
   47   114
   48   84
   49   108
   50   98
   51   76
   52   90
   53   102
   54   94
   55   64
   56   94
   57   110
   58   96
   59   110
   60   88
   61   92
   62   102
   63   92
   64   78
   65   88
   66   106
   67   74
   68   66
   69   112
   70   48
   71   72
   72   70
   73   60
   74   68
   75   64
   76   64
   77   80
   78   44
   79   80
   80   64
   81   102
   82   94
   83   106
   84   82
   85   80
   86   76
   87   32
   88   58
   89   50
   90   40
   91   30
   92   52
   93   42
   94   28
   95   56
   96   40
   97   50
   98   4
   99   72
  100   32
  101   42
  102   28
  103   74
  104   88
