    1   212
    2   339
    3   228
    4   232
    5   104
    6   64
    7   140
    8   150
    9   126
   10   132
   11   118
   12   30
   13   -2
   14   -18
   15   -24
   16   -60
   17   -44
   18   -58
   19   -70
   20   -76
   21   -100
   22   -106
   23   -114
   24   -140
   25   -156
   26   -160
   27   -192
   28   -210
   29   -236
   30   -230
   31   -252
   32   -262
   33   -246
   34   -228
   35   -200
   36   -170
   37   -134
   38   -74
   39   -52
   40   -16
   41   24
   42   50
   43   50
   44   76
   45   78
   46   86
   47   92
   48   80
   49   88
   50   70
   51   76
   52   70
   53   70
   54   98
   55   66
   56   72
   57   80
   58   90
   59   88
   60   80
   61   82
   62   82
   63   80
   64   84
   65   76
   66   78
   67   78
   68   68
   69   58
   70   82
   71   46
   72   66
   73   66
   74   62
   75   60
   76   48
   77   64
   78   54
   79   50
   80   60
   81   48
   82   56
   83   52
   84   38
   85   38
   86   48
   87   44
   88   70
   89   100
   90   86
   91   72
   92   74
   93   60
   94   42
   95   34
   96   26
   97   40
   98   24
   99   18
  100   36
  101   26
  102   12
  103   18
  104   30
  105   22
  106   26
  107   20
  108   36
  109   38
  110   20
  111   36
