    1   22
    2   50
    3   150
    4   277
    5   240
    6   230
    7   102
    8   -26
    9   6
   10   30
   11   -16
   12   -30
   13   -12
   14   -8
   15   -84
   16   -46
   17   -62
   18   -92
   19   -94
   20   -94
   21   -112
   22   -104
   23   -110
   24   -120
   25   -132
   26   -134
   27   -154
   28   -154
   29   -158
   30   -164
   31   -192
   32   -146
   33   -190
   34   -198
   35   -154
   36   -168
   37   -154
   38   -130
   39   -100
   40   -36
   41   -24
   42   16
   43   28
   44   46
   45   48
   46   64
   47   68
   48   86
   49   72
   50   56
   51   54
   52   90
   53   32
   54   50
   55   44
   56   42
   57   46
   58   34
   59   38
   60   50
   61   40
   62   24
   63   52
   64   28
   65   48
   66   16
   67   36
   68   -10
   69   60
   70   -18
   71   36
   72   -4
   73   4
   74   2
   75   8
   76   60
   77   28
   78   56
   79   16
   80   28
   81   -14
   82   2
   83   -40
   84   18
   85   -36
   86   -34
   87   -12
   88   -10
   89   -20
   90   -46
   91   -24
   92   -36
   93   -30
   94   -32
   95   -48
   96   -36
   97   -14
