    1   78
    2   200
    3   327
    4   222
    5   186
    6   58
    7   -70
    8   16
    9   46
   10   -2
   11   -4
   12   10
   13   -2
   14   -32
   15   -34
   16   -34
   17   -50
   18   -54
   19   -74
   20   -64
   21   -66
   22   -86
   23   -90
   24   -80
   25   -100
   26   -112
   27   -112
   28   -126
   29   -126
   30   -134
   31   -134
   32   -146
   33   -140
   34   -138
   35   -144
   36   -98
   37   -96
   38   -70
   39   -30
   40   -20
   41   30
   42   32
   43   64
   44   68
   45   108
   46   82
   47   106
   48   80
   49   96
   50   94
   51   78
   52   66
   53   78
   54   72
   55   76
   56   64
   57   72
   58   62
   59   72
   60   70
   61   70
   62   92
   63   34
   64   58
   65   76
   66   54
   67   58
   68   40
   69   66
   70   10
   71   64
   72   42
   73   24
   74   28
   75   28
   76   32
   77   50
   78   60
   79   78
   80   80
   81   62
   82   50
   83   36
   84   26
   85   26
   86   4
   87   16
   88   20
   89   12
   90   10
   91   2
   92   28
   93   -10
   94   16
   95   -10
   96   0
   97   38
   98   -16
   99   -6
  100   16
