    1   -4
    2   118
    3   198
    4   238
    5   140
    6   12
    7   -116
    8   -46
    9   -6
   10   0
   11   -22
   12   -24
   13   -34
   14   -34
   15   -84
   16   -74
   17   -86
   18   -96
   19   -84
   20   -120
   21   -118
   22   -72
   23   -126
   24   -140
   25   -126
   26   -128
   27   -140
   28   -142
   29   -160
   30   -132
   31   -128
   32   -146
   33   -116
   34   -88
   35   -86
   36   -72
   37   -8
   38   12
   39   28
   40   24
   41   56
   42   58
   43   90
   44   82
   45   90
   46   104
   47   84
   48   72
   49   88
   50   70
   51   76
   52   64
   53   64
   54   58
   55   82
   56   68
   57   60
   58   58
   59   74
   60   72
   61   78
   62   58
   63   62
   64   78
   65   74
   66   50
   67   68
   68   68
   69   66
   70   72
   71   48
   72   66
   73   90
   74   74
   75   112
   76   104
   77   82
   78   108
   79   58
   80   46
   81   74
   82   48
   83   12
   84   50
   85   48
   86   20
   87   28
   88   18
   89   40
   90   26
   91   32
   92   16
   93   38
   94   26
   95   24
   96   52
