    1   182
    2   288
    3   354
    4   278
    5   150
    6   22
    7   -50
    8   50
    9   -56
   10   0
   11   -12
   12   -88
   13   -130
   14   -126
   15   -158
   16   -140
   17   -128
   18   -212
   19   -192
   20   -220
   21   -212
   22   -174
   23   -250
   24   -244
   25   -218
   26   -240
   27   -210
   28   -214
   29   -226
   30   -182
   31   -140
   32   -98
   33   -64
   34   -38
   35   10
   36   28
   37   74
   38   82
   39   110
   40   106
   41   114
   42   130
   43   132
   44   110
   45   108
   46   94
   47   80
   48   90
   49   84
   50   108
   51   108
   52   116
   53   124
   54   130
   55   128
   56   140
   57   118
   58   194
   59   188
   60   76
   61   -52
   62   -180
