    1   50
    2   112
    3   222
    4   196
    5   146
    6   18
    7   -110
    8   -24
    9   6
   10   30
   11   -4
   12   -6
   13   0
   14   -44
   15   -58
   16   -48
   17   -72
   18   -78
   19   -90
   20   -68
   21   -86
   22   -98
   23   -86
   24   -102
   25   -128
   26   -82
   27   -136
   28   -118
   29   -136
   30   -110
   31   -138
   32   -128
   33   -102
   34   -124
   35   -50
   36   -74
   37   -24
   38   -16
   39   24
   40   40
   41   60
   42   58
   43   90
   44   100
   45   92
   46   104
   47   92
   48   114
   49   66
   50   106
   51   82
   52   90
   53   72
   54   78
   55   70
   56   84
   57   86
   58   70
   59   94
   60   78
   61   76
   62   70
   63   86
   64   54
   65   86
   66   66
   67   60
   68   70
   69   58
   70   46
   71   64
   72   62
   73   42
   74   90
   75   76
   76   92
   77   76
   78   86
   79   40
   80   80
   81   48
   82   30
   83   32
   84   52
   85   2
   86   54
   87   24
   88   20
   89   30
   90   14
   91   36
   92   20
   93   22
   94   14
   95   26
   96   36
   97   42
