    1   147
    2   274
    3   150
    4   158
    5   30
    6   -14
    7   48
    8   62
    9   56
   10   18
   11   14
   12   -54
   13   -80
   14   -78
   15   -102
   16   -96
   17   -108
   18   -102
   19   -110
   20   -120
   21   -116
   22   -128
   23   -138
   24   -144
   25   -148
   26   -158
   27   -172
   28   -182
   29   -174
   30   -196
   31   -198
   32   -214
   33   -204
   34   -212
   35   -212
   36   -170
   37   -158
   38   -134
   39   -102
   40   -66
   41   -46
   42   -6
   43   6
   44   26
   45   44
   46   42
   47   44
   48   64
   49   44
   50   42
   51   34
   52   42
   53   32
   54   30
   55   26
   56   28
   57   38
   58   26
   59   32
   60   32
   61   40
   62   18
   63   30
   64   22
   65   26
   66   20
   67   16
   68   16
   69   12
   70   2
   71   4
   72   2
   73   -2
   74   2
   75   -6
   76   0
   77   -4
   78   -6
   79   -12
   80   -8
   81   -4
   82   -8
   83   -14
   84   -2
   85   -8
   86   -2
   87   26
   88   38
   89   36
   90   6
   91   18
   92   -4
   93   -2
   94   -28
   95   -22
   96   -22
   97   -34
   98   -26
   99   -20
  100   -26
  101   -24
  102   -18
  103   -20
  104   -16
  105   -20
  106   -28
  107   -22
  108   -20
  109   0
