    1   198
    2   262
    3   152
    4   24
    5   -86
    6   -74
    7   -68
    8   -118
    9   -64
   10   -62
   11   -116
   12   -196
   13   -178
   14   -194
   15   -204
   16   -196
   17   -218
   18   -208
   19   -236
   20   -260
   21   -286
   22   -270
   23   -312
   24   -322
   25   -338
   26   -332
   27   -334
   28   -310
   29   -304
   30   -266
   31   -228
   32   -200
   33   -152
   34   -106
   35   -82
   36   -42
   37   -32
   38   2
   39   -2
   40   20
   41   20
   42   6
   43   30
   44   18
   45   16
   46   22
   47   10
   48   10
   49   12
   50   42
   51   18
   52   38
   53   70
   54   100
   55   96
   56   142
   57   158
   58   174
   59   164
   60   164
   61   156
   62   122
   63   170
   64   64
   65   -64
