    1   -26
    2   14
    3   -40
    4   14
    5   -50
    6   -54
    7   -130
    8   -126
    9   -28
   10   -102
   11   -132
   12   -124
   13   -134
   14   -106
   15   -124
   16   -118
   17   -148
   18   -162
   19   -154
   20   -144
   21   -166
   22   -170
   23   -170
   24   -178
   25   -122
   26   -146
   27   -120
   28   -112
   29   -62
   30   -42
   31   -40
   32   24
   33   -12
   34   66
   35   42
   36   60
   37   66
   38   50
   39   82
   40   50
   41   72
   42   72
   43   64
   44   30
   45   56
   46   64
   47   52
   48   38
   49   64
   50   62
   51   60
   52   70
   53   42
   54   52
   55   58
   56   42
   57   52
   58   48
   59   60
   60   36
   61   8
   62   78
   63   62
   64   64
   65   90
   66   106
   67   80
   68   74
   69   56
   70   52
   71   44
   72   24
   73   62
   74   26
   75   36
   76   16
   77   34
   78   34
   79   30
   80   2
   81   42
   82   24
   83   48
   84   24
   85   -10
   86   117
   87   88
   88   200
   89   327
   90   204
   91   202
   92   74
   93   -38
   94   34
