    1   46
    2   130
    3   226
    4   304
    5   182
    6   54
    7   -74
    8   -2
    9   72
   10   68
   11   48
   12   10
   13   68
   14   -32
   15   -66
   16   -42
   17   -58
   18   -68
   19   -66
   20   -82
   21   -68
   22   -88
   23   -112
   24   -104
   25   -104
   26   -120
   27   -120
   28   -144
   29   -134
   30   -150
   31   -158
   32   -152
   33   -174
   34   -148
   35   -142
   36   -148
   37   -84
   38   -76
   39   -64
   40   -20
   41   14
   42   8
   43   48
   44   60
   45   68
   46   80
   47   72
   48   90
   49   82
   50   66
   51   82
   52   66
   53   56
   54   56
   55   48
   56   62
   57   70
   58   60
   59   52
   60   54
   61   68
   62   46
   63   66
   64   44
   65   28
   66   56
   67   48
   68   28
   69   34
   70   32
   71   22
   72   44
   73   24
   74   26
   75   26
   76   56
   77   76
   78   50
   79   58
   80   40
   81   28
   82   24
   83   8
   84   24
   85   -6
   86   -8
   87   -6
   88   2
   89   0
   90   -20
   91   0
   92   -18
   93   18
   94   -12
   95   -30
   96   2
   97   -16
   98   -8
