    1   50
    2   134
    3   234
    4   324
    5   214
    6   86
    7   -42
    8   -24
    9   30
   10   -2
   11   16
   12   18
   13   -12
   14   -84
   15   -74
   16   -102
   17   -90
   18   -90
   19   -114
   20   -122
   21   -132
   22   -182
   23   -202
   24   -228
   25   -262
   26   -280
   27   -344
   28   -308
   29   -318
   30   -284
   31   -262
   32   -210
   33   -180
   34   -88
   35   -60
   36   -16
   37   26
   38   28
   39   76
   40   82
   41   70
   42   96
   43   86
   44   96
   45   74
   46   56
   47   60
   48   60
   49   48
   50   42
   51   38
   52   52
   53   52
   54   54
   55   70
   56   68
   57   90
   58   132
   59   150
   60   110
   61   106
   62   98
   63   24
   64   36
   65   8
   66   32
   67   4
   68   -14
   69   -30
   70   -48
   71   14
   72   -8
   73   4
   74   8
