    1   148
    2   275
    3   254
    4   252
    5   124
    6   -2
    7   96
    8   118
    9   104
   10   72
   11   86
   12   -8
   13   -74
   14   -38
   15   -94
   16   -96
   17   -100
   18   -118
   19   -110
   20   -136
   21   -126
   22   -126
   23   -126
   24   -152
   25   -146
   26   -162
   27   -176
   28   -184
   29   -180
   30   -184
   31   -194
   32   -204
   33   -194
   34   -168
   35   -164
   36   -154
   37   -118
   38   -88
   39   -60
   40   -20
   41   14
   42   24
   43   62
   44   62
   45   58
   46   84
   47   80
   48   88
   49   58
   50   72
   51   54
   52   58
   53   56
   54   54
   55   50
   56   48
   57   40
   58   48
   59   28
   60   34
   61   44
   62   28
   63   18
   64   36
   65   20
   66   34
   67   12
   68   14
   69   16
   70   12
   71   4
   72   8
   73   16
   74   -2
   75   6
   76   20
   77   34
   78   56
   79   52
   80   26
   81   20
   82   20
   83   -16
   84   -18
   85   0
   86   -34
   87   -34
   88   -14
   89   -18
   90   -34
   91   -40
   92   -22
   93   -26
   94   -40
   95   -22
   96   -24
   97   -20
   98   4
   99   20
