    1   164
    2   291
    3   204
    4   216
    5   88
    6   40
    7   100
    8   118
    9   104
   10   78
   11   56
   12   -44
   13   -64
   14   -84
   15   -84
   16   -96
   17   -106
   18   -118
   19   -116
   20   -120
   21   -128
   22   -144
   23   -146
   24   -152
   25   -164
   26   -182
   27   -184
   28   -194
   29   -212
   30   -214
   31   -218
   32   -228
   33   -224
   34   -222
   35   -210
   36   -188
   37   -172
   38   -138
   39   -102
   40   -74
   41   -48
   42   -20
   43   4
   44   20
   45   30
   46   38
   47   40
   48   36
   49   36
   50   32
   51   24
   52   28
   53   24
   54   24
   55   26
   56   18
   57   20
   58   26
   59   18
   60   18
   61   16
   62   16
   63   14
   64   8
   65   4
   66   14
   67   2
   68   0
   69   -6
   70   -6
   71   -8
   72   -18
   73   -10
   74   -18
   75   -12
   76   -24
   77   -26
   78   -10
   79   8
   80   14
   81   16
   82   14
   83   -8
   84   -16
   85   -24
   86   -30
   87   -42
   88   -42
   89   -44
   90   -46
   91   -50
   92   -42
   93   -46
   94   -36
   95   -46
   96   -42
   97   -34
   98   -42
   99   -44
  100   -42
  101   -38
  102   -12
  103   0
