    1   40
    2   84
    3   188
    4   300
    5   354
    6   280
    7   152
    8   24
    9   -2
   10   46
   11   -36
   12   -10
   13   -12
   14   -46
   15   -160
   16   -126
   17   -136
   18   -178
   19   -140
   20   -206
   21   -190
   22   -228
   23   -276
   24   -304
   25   -248
   26   -308
   27   -344
   28   -326
   29   -306
   30   -312
   31   -354
   32   -244
   33   -222
   34   -164
   35   -118
   36   -64
   37   -30
   38   -4
   39   6
   40   30
   41   54
   42   80
   43   76
   44   78
   45   80
   46   72
   47   78
   48   66
   49   78
   50   108
   51   68
   52   84
   53   94
   54   100
   55   100
   56   98
   57   108
   58   118
   59   116
   60   134
   61   150
   62   142
   63   160
   64   144
   65   116
   66   114
   67   74
   68   72
   69   72
   70   64
   71   64
   72   50
   73   60
   74   38
   75   44
   76   42
   77   58
   78   48
