    1   112
    2   220
    3   168
    4   184
    5   56
    6   -24
    7   38
    8   100
    9   74
   10   94
   11   82
   12   -40
   13   -90
   14   -92
   15   -110
   16   -132
   17   -124
   18   -134
   19   -142
   20   -134
   21   -160
   22   -166
   23   -170
   24   -188
   25   -196
   26   -226
   27   -238
   28   -258
   29   -268
   30   -278
   31   -296
   32   -302
   33   -296
   34   -268
   35   -258
   36   -228
   37   -172
   38   -142
   39   -88
   40   -48
   41   -6
   42   14
   43   30
   44   54
   45   56
   46   58
   47   52
   48   42
   49   48
   50   30
   51   36
   52   18
   53   36
   54   20
   55   34
   56   26
   57   28
   58   36
   59   38
   60   34
   61   46
   62   38
   63   32
   64   42
   65   30
   66   46
   67   20
   68   50
   69   20
   70   32
   71   30
   72   26
   73   26
   74   10
   75   32
   76   26
   77   30
   78   20
   79   34
   80   32
   81   32
   82   50
   83   62
   84   86
   85   102
   86   70
   87   54
   88   56
   89   34
   90   36
   91   32
   92   20
   93   6
   94   14
   95   24
   96   22
   97   10
   98   8
   99   12
  100   20
  101   20
  102   6
  103   22
  104   24
  105   32
  106   54
  107   80
