    1   28
    2   76
    3   192
    4   220
    5   138
    6   10
    7   -82
    8   18
    9   90
   10   48
   11   120
   12   84
   13   4
   14   -72
   15   -92
   16   -64
   17   -88
   18   -110
   19   -118
   20   -92
   21   -130
   22   -122
   23   -132
   24   -132
   25   -144
   26   -162
   27   -112
   28   -188
   29   -162
   30   -164
   31   -180
   32   -172
   33   -156
   34   -210
   35   -124
   36   -128
   37   -120
   38   -86
   39   -66
   40   -28
   41   -10
   42   20
   43   42
   44   46
   45   62
   46   54
   47   96
   48   66
   49   52
   50   50
   51   42
   52   70
   53   38
   54   10
   55   26
   56   38
   57   32
   58   8
   59   42
   60   26
   61   24
   62   20
   63   6
   64   44
   65   -4
   66   22
   67   32
   68   2
   69   -4
   70   16
   71   -10
   72   -18
   73   0
   74   0
   75   -10
   76   -14
   77   28
   78   -10
   79   64
   80   48
   81   12
   82   12
   83   18
   84   2
   85   -18
   86   -40
   87   -16
   88   -22
   89   -40
   90   -30
   91   -6
   92   -62
   93   -22
   94   -48
   95   -6
   96   -48
   97   -6
   98   -62
   99   0
  100   -58
