    1   54
    2   181
    3   246
    4   194
    5   66
    6   -62
    7   22
    8   72
    9   16
   10   48
   11   18
   12   -32
   13   -114
   14   -122
   15   -136
   16   -150
   17   -154
   18   -160
   19   -164
   20   -164
   21   -186
   22   -186
   23   -200
   24   -194
   25   -200
   26   -228
   27   -204
   28   -222
   29   -222
   30   -242
   31   -234
   32   -240
   33   -228
   34   -222
   35   -212
   36   -194
   37   -154
   38   -132
   39   -104
   40   -70
   41   -52
   42   -26
   43   -16
   44   12
   45   8
   46   14
   47   10
   48   10
   49   0
   50   -8
   51   -8
   52   -20
   53   -30
   54   -26
   55   -24
   56   -30
   57   -24
   58   -16
   59   -22
   60   -30
   61   -36
   62   -42
   63   -28
   64   -34
   65   -40
   66   -52
   67   -36
   68   -52
   69   -62
   70   -62
   71   -64
   72   -52
   73   -70
   74   -68
   75   -70
   76   -66
   77   -54
   78   -30
   79   -46
   80   -52
   81   -76
   82   -54
   83   -74
   84   -86
   85   -106
   86   -102
   87   -84
   88   -118
   89   -116
   90   -116
   91   -122
   92   -114
   93   -110
   94   -110
   95   -110
   96   -114
   97   -106
   98   -120
   99   -78
