    1   154
    2   281
    3   304
    4   286
    5   158
    6   30
    7   118
    8   156
    9   122
   10   144
   11   140
   12   28
   13   -22
   14   -42
   15   -52
   16   -74
   17   -70
   18   -84
   19   -90
   20   -104
   21   -108
   22   -108
   23   -122
   24   -130
   25   -138
   26   -134
   27   -156
   28   -160
   29   -174
   30   -174
   31   -184
   32   -188
   33   -184
   34   -168
   35   -166
   36   -146
   37   -124
   38   -90
   39   -68
   40   -46
   41   -6
   42   12
   43   28
   44   42
   45   66
   46   64
   47   62
   48   60
   49   70
   50   56
   51   52
   52   44
   53   42
   54   42
   55   36
   56   38
   57   34
   58   42
   59   28
   60   40
   61   32
   62   30
   63   16
   64   24
   65   10
   66   18
   67   8
   68   8
   69   10
   70   0
   71   -4
   72   -12
   73   0
   74   -16
   75   -12
   76   4
   77   28
   78   28
   79   32
   80   12
   81   12
   82   -14
   83   -22
   84   -28
   85   -30
   86   -34
   87   -52
   88   -48
   89   -46
   90   -44
   91   -56
   92   -42
   93   -50
   94   -42
   95   -48
   96   -40
   97   -40
   98   -38
   99   -34
  100   8
