    1   136
    2   180
    3   268
    4   388
    5   260
    6   160
    7   32
    8   -8
    9   -4
   10   12
   11   4
   12   -6
   13   -40
   14   -66
   15   -100
   16   -110
   17   -130
   18   -108
   19   -114
   20   -100
   21   -130
   22   -142
   23   -148
   24   -156
   25   -148
   26   -200
   27   -164
   28   -162
   29   -202
   30   -144
   31   -138
   32   -108
   33   -66
   34   -68
   35   0
   36   18
   37   -2
   38   22
   39   76
   40   72
   41   52
   42   62
   43   54
   44   56
   45   50
   46   54
   47   4
   48   26
   49   36
   50   38
   51   32
   52   76
   53   52
   54   98
   55   132
   56   158
   57   138
   58   142
   59   114
   60   78
   61   88
   62   70
   63   102
   64   58
   65   70
   66   48
   67   42
   68   40
   69   2
   70   26
   71   34
