    1   -2
    2   58
    3   164
    4   252
    5   136
    6   8
    7   -108
    8   12
    9   20
   10   -2
   11   10
   12   -32
   13   -50
   14   -102
   15   -122
   16   -128
   17   -130
   18   -126
   19   -142
   20   -144
   21   -140
   22   -144
   23   -166
   24   -170
   25   -174
   26   -188
   27   -202
   28   -206
   29   -214
   30   -226
   31   -228
   32   -242
   33   -236
   34   -218
   35   -222
   36   -204
   37   -178
   38   -164
   39   -134
   40   -100
   41   -64
   42   -40
   43   -14
   44   4
   45   26
   46   34
   47   34
   48   38
   49   38
   50   30
   51   20
   52   20
   53   8
   54   12
   55   8
   56   -2
   57   -4
   58   12
   59   -4
   60   -14
   61   -6
   62   4
   63   -8
   64   -2
   65   -4
   66   -12
   67   -18
   68   -24
   69   -10
   70   -26
   71   -28
   72   -30
   73   -10
   74   -30
   75   -38
   76   -2
   77   12
   78   24
   79   26
   80   2
   81   -2
   82   -8
   83   -26
   84   -28
   85   -38
   86   -38
   87   -34
   88   -56
   89   -32
   90   -48
   91   -48
   92   -46
   93   -42
   94   -46
   95   -44
   96   -52
   97   -42
   98   -36
   99   -38
