    1   -8
    2   50
    3   168
    4   286
    5   158
    6   58
    7   -70
    8   -106
    9   -98
   10   -76
   11   -98
   12   -106
   13   -152
   14   -172
   15   -186
   16   -172
   17   -202
   18   -180
   19   -194
   20   -178
   21   -216
   22   -210
   23   -226
   24   -270
   25   -256
   26   -292
   27   -284
   28   -270
   29   -302
   30   -280
   31   -236
   32   -236
   33   -238
   34   -190
   35   -148
   36   -90
   37   -98
   38   -70
   39   -6
   40   -20
   41   6
   42   24
   43   8
   44   -8
   45   18
   46   24
   47   46
   48   22
   49   46
   50   26
   51   32
   52   46
   53   66
   54   34
   55   102
   56   98
   57   110
   58   130
   59   150
   60   126
   61   126
   62   144
   63   84
   64   102
   65   34
   66   36
   67   38
   68   46
   69   14
   70   48
   71   20
   72   18
   73   28
   74   22
   75   40
