    1   60
    2   162
    3   289
    4   161
    5   86
    6   -42
    7   -52
    8   -12
    9   34
   10   -24
   11   -22
   12   20
   13   -48
   14   -62
   15   -62
   16   -54
   17   -106
   18   -34
   19   -106
   20   -82
   21   -84
   22   -106
   23   -106
   24   -108
   25   -116
   26   -138
   27   -144
   28   -144
   29   -140
   30   -144
   31   -142
   32   -128
   33   -128
   34   -110
   35   -24
   36   -60
   37   -10
   38   2
   39   28
   40   52
   41   50
   42   70
   43   84
   44   80
   45   90
   46   56
   47   96
   48   86
   49   40
   50   70
   51   58
   52   30
   53   74
   54   32
   55   44
   56   34
   57   64
   58   8
   59   64
   60   32
   61   36
   62   42
   63   26
   64   52
   65   20
   66   36
   67   20
   68   32
   69   70
   70   2
   71   22
   72   50
   73   42
   74   70
   75   78
   76   40
   77   44
   78   34
   79   44
   80   12
   81   -6
   82   8
   83   -6
   84   12
   85   0
   86   10
   87   16
   88   -12
   89   18
   90   4
   91   -2
   92   40
   93   -14
   94   20
   95   16
