    1   46
    2   22
    3   -24
    4   102
    5   -10
    6   -138
    7   -40
    8   20
    9   -108
   10   18
   11   -110
   12   -54
   13   -182
   14   -55
   15   -183
   16   -174
   17   -82
   18   -160
   19   -90
   20   -218
   21   -106
   22   -232
   23   -216
   24   -118
   25   -144
   26   -120
   27   -166
   28   -96
   29   -86
   30   18
   31   -82
   32   18
   33   96
   34   -32
   35   36
   36   78
   37   36
   38   -52
   39   75
   40   -38
   41   -36
   42   22
   43   84
   44   -32
   45   -32
   46   -36
   47   -22
   48   12
   49   -20
   50   14
   51   -92
   52   35
   53   -93
   54   34
   55   -94
   56   -36
   57   -18
   58   -10
   59   16
   60   -76
   61   2
   62   -74
   63   -8
   64   -66
   65   -6
   66   6
   67   -26
   68   60
   69   -18
   70   6
   71   -52
   72   -14
   73   6
   74   -76
   75   -54
   76   -62
   77   -56
   78   -56
   79   -96
   80   -38
   81   -96
   82   -22
   83   -100
   84   -38
   85   -92
   86   -84
   87   0
   88   -116
   89   -38
   90   89
   91   198
   92   192
   93   120
   94   -8
   95   -136
   96   -74
