    1   0
    2   66
    3   170
    4   224
    5   142
    6   14
    7   -96
    8   0
    9   52
   10   20
   11   54
   12   14
   13   -36
   14   -90
   15   -82
   16   -108
   17   -106
   18   -114
   19   -120
   20   -126
   21   -124
   22   -128
   23   -144
   24   -138
   25   -158
   26   -156
   27   -164
   28   -180
   29   -184
   30   -184
   31   -198
   32   -208
   33   -216
   34   -216
   35   -220
   36   -216
   37   -198
   38   -180
   39   -156
   40   -134
   41   -96
   42   -68
   43   -32
   44   -8
   45   14
   46   28
   47   38
   48   32
   49   40
   50   38
   51   30
   52   16
   53   24
   54   20
   55   20
   56   16
   57   18
   58   22
   59   22
   60   26
   61   20
   62   20
   63   20
   64   22
   65   16
   66   20
   67   10
   68   24
   69   4
   70   4
   71   8
   72   2
   73   -4
   74   0
   75   -8
   76   -10
   77   -8
   78   -10
   79   -18
   80   -22
   81   -18
   82   -22
   83   -18
   84   4
   85   18
   86   18
   87   8
   88   0
   89   -4
   90   -16
   91   -32
   92   -36
   93   -36
   94   -36
   95   -46
   96   -44
   97   -32
   98   -44
   99   -42
  100   -38
  101   -38
  102   -40
  103   -46
  104   -38
  105   -30
  106   -32
  107   -40
