    1   24
    2   48
    3   138
    4   265
    5   137
    6   62
    7   -66
    8   -50
    9   12
   10   74
   11   -10
   12   18
   13   24
   14   -52
   15   -88
   16   -78
   17   -82
   18   -94
   19   -70
   20   -96
   21   -90
   22   -98
   23   -98
   24   -118
   25   -122
   26   -122
   27   -146
   28   -142
   29   -146
   30   -114
   31   -154
   32   -132
   33   -132
   34   -116
   35   -116
   36   -54
   37   -64
   38   -16
   39   -2
   40   34
   41   48
   42   52
   43   80
   44   72
   45   104
   46   80
   47   92
   48   88
   49   82
   50   78
   51   78
   52   58
   53   72
   54   54
   55   72
   56   42
   57   56
   58   58
   59   60
   60   60
   61   30
   62   46
   63   56
   64   58
   65   28
   66   30
   67   30
   68   34
   69   32
   70   60
   71   -4
   72   76
   73   72
   74   70
   75   74
   76   62
   77   86
   78   38
   79   30
   80   28
   81   2
   82   20
   83   0
   84   6
   85   8
   86   0
   87   12
   88   -2
   89   10
   90   -4
   91   0
   92   24
   93   0
   94   4
   95   14
   96   24
