    1   92
    2   202
    3   329
    4   358
    5   326
    6   198
    7   70
    8   10
    9   42
   10   -52
   11   26
   12   -6
   13   -46
   14   -100
   15   -100
   16   -112
   17   -120
   18   -106
   19   -166
   20   -188
   21   -154
   22   -242
   23   -220
   24   -250
   25   -292
   26   -300
   27   -270
   28   -264
   29   -244
   30   -220
   31   -164
   32   -96
   33   -86
   34   -44
   35   28
   36   8
   37   72
   38   60
   39   58
   40   60
   41   72
   42   74
   43   56
   44   48
   45   58
   46   62
   47   62
   48   56
   49   62
   50   62
   51   96
   52   100
   53   140
   54   164
   55   160
   56   126
   57   106
   58   110
   59   96
   60   122
   61   82
   62   84
   63   58
   64   76
   65   40
   66   64
   67   52
   68   52
   69   42
