    1   234
    2   336
    3   250
    4   122
    5   -6
    6   -50
    7   -28
    8   -58
    9   -36
   10   -20
   11   -64
   12   -134
   13   -132
   14   -160
   15   -138
   16   -158
   17   -154
   18   -174
   19   -164
   20   -166
   21   -194
   22   -208
   23   -230
   24   -228
   25   -260
   26   -268
   27   -278
   28   -250
   29   -264
   30   -234
   31   -208
   32   -164
   33   -136
   34   -118
   35   -86
   36   -54
   37   -28
   38   -26
   39   16
   40   0
   41   16
   42   -2
   43   48
   44   -24
   45   24
   46   -46
   47   -36
   48   0
   49   -20
   50   -10
   51   -8
   52   2
   53   24
   54   30
   55   74
   56   74
   57   100
   58   98
   59   72
   60   72
   61   14
   62   14
   63   -22
   64   -66
   65   -14
   66   -42
   67   -66
   68   -48
   69   -36
   70   -52
   71   -36
   72   -44
   73   -34
