    1   56
    2   44
    3   26
    4   8
    5   -10
    6   -52
    7   -42
    8   -72
    9   -106
   10   -80
   11   -102
   12   -104
   13   -118
   14   -138
   15   -142
   16   -146
   17   -166
   18   -170
   19   -172
   20   -202
   21   -230
   22   -238
   23   -248
   24   -240
   25   -270
   26   -258
   27   -254
   28   -270
   29   -198
   30   -180
   31   -144
   32   -102
   33   -62
   34   -48
   35   8
   36   20
   37   52
   38   64
   39   32
   40   58
   41   72
   42   30
   43   60
   44   38
   45   58
   46   26
   47   56
   48   40
   49   50
   50   48
   51   20
   52   74
   53   36
   54   44
   55   46
   56   32
   57   34
   58   46
   59   44
   60   10
   61   8
   62   40
   63   20
   64   30
   65   32
   66   8
   67   20
   68   60
   69   -18
   70   24
   71   28
   72   4
   73   26
   74   46
   75   48
   76   68
   77   86
   78   34
   79   20
   80   40
   81   24
   82   -6
   83   30
   84   0
   85   -6
   86   10
   87   10
   88   -18
   89   24
   90   8
   91   -20
   92   22
   93   8
   94   0
   95   4
   96   2
   97   18
   98   52
   99   150
  100   277
  101   149
  102   160
  103   32
  104   -40
