    1   22
    2   112
    3   188
    4   264
    5   160
    6   32
    7   -96
    8   22
    9   50
   10   54
   11   72
   12   58
   13   10
   14   -54
   15   -58
   16   -66
   17   -80
   18   -72
   19   -80
   20   -82
   21   -98
   22   -86
   23   -102
   24   -112
   25   -134
   26   -110
   27   -158
   28   -158
   29   -148
   30   -172
   31   -142
   32   -158
   33   -156
   34   -148
   35   -116
   36   -98
   37   -84
   38   -46
   39   -24
   40   -8
   41   30
   42   36
   43   54
   44   64
   45   68
   46   66
   47   98
   48   66
   49   60
   50   62
   51   52
   52   70
   53   38
   54   48
   55   40
   56   48
   57   34
   58   34
   59   44
   60   34
   61   18
   62   34
   63   46
   64   20
   65   22
   66   8
   67   28
   68   8
   69   16
   70   -2
   71   8
   72   14
   73   2
   74   36
   75   54
   76   42
   77   60
   78   40
   79   8
   80   10
   81   -14
   82   -16
   83   4
   84   -16
   85   -18
   86   -14
   87   -20
   88   -6
   89   -24
   90   -16
   91   -14
   92   -18
   93   -12
   94   -24
   95   -10
   96   -20
   97   6
