    1   18
    2   126
    3   253
    4   212
    5   172
    6   44
    7   -84
    8   -18
    9   20
   10   -24
   11   -12
   12   0
   13   2
   14   -52
   15   -48
   16   -34
   17   -54
   18   -68
   19   -52
   20   -84
   21   -60
   22   -60
   23   -104
   24   -94
   25   -104
   26   -116
   27   -146
   28   -86
   29   -144
   30   -142
   31   -136
   32   -126
   33   -128
   34   -82
   35   -88
   36   -24
   37   -28
   38   -14
   39   42
   40   32
   41   84
   42   72
   43   88
   44   86
   45   72
   46   104
   47   76
   48   74
   49   66
   50   58
   51   80
   52   44
   53   48
   54   40
   55   60
   56   74
   57   30
   58   38
   59   44
   60   64
   61   22
   62   36
   63   58
   64   24
   65   52
   66   24
   67   42
   68   -6
   69   26
   70   44
   71   10
   72   20
   73   32
   74   68
   75   66
   76   80
   77   54
   78   20
   79   24
   80   28
   81   -12
   82   0
   83   -12
   84   -6
   85   -2
   86   14
   87   -10
   88   -20
   89   -8
   90   0
   91   -18
   92   -4
   93   0
   94   -18
   95   -24
