    1   48
    2   175
    3   300
    4   272
    5   236
    6   108
    7   -20
    8   -52
    9   -8
   10   -74
   11   -22
   12   -48
   13   -78
   14   -136
   15   -156
   16   -164
   17   -182
   18   -190
   19   -196
   20   -216
   21   -232
   22   -252
   23   -270
   24   -274
   25   -298
   26   -288
   27   -304
   28   -296
   29   -276
   30   -246
   31   -194
   32   -170
   33   -110
   34   -60
   35   -32
   36   -32
   37   -4
   38   36
   39   28
   40   68
   41   52
   42   78
   43   58
   44   36
   45   56
   46   46
   47   12
   48   58
   49   38
   50   62
   51   50
   52   78
   53   130
   54   140
   55   162
   56   178
   57   186
   58   178
   59   156
   60   120
   61   132
   62   118
   63   142
   64   124
   65   126
   66   114
   67   122
   68   126
   69   82
   70   126
   71   102
