    1   38
    2   96
    3   223
    4   350
    5   222
    6   114
    7   -14
    8   -48
    9   38
   10   72
   11   34
   12   20
   13   26
   14   -10
   15   -42
   16   -52
   17   -66
   18   -70
   19   -74
   20   -66
   21   -98
   22   -94
   23   -72
   24   -110
   25   -120
   26   -116
   27   -136
   28   -144
   29   -148
   30   -162
   31   -166
   32   -164
   33   -150
   34   -140
   35   -118
   36   -116
   37   -68
   38   -64
   39   -4
   40   -2
   41   0
   42   26
   43   64
   44   40
   45   72
   46   74
   47   80
   48   82
   49   62
   50   68
   51   62
   52   56
   53   44
   54   58
   55   40
   56   40
   57   38
   58   46
   59   40
   60   48
   61   38
   62   24
   63   70
   64   -4
   65   38
   66   24
   67   4
   68   -8
   69   16
   70   -12
   71   8
   72   -2
   73   36
   74   52
   75   48
   76   24
   77   10
   78   4
   79   -2
   80   -6
   81   -36
   82   -18
   83   -38
   84   -34
   85   -30
   86   -36
   87   -42
   88   -30
   89   -48
   90   22
   91   -72
   92   -24
   93   -48
   94   -32
