    1   28
    2   46
    3   158
    4   280
    5   152
    6   74
    7   -54
    8   26
    9   56
   10   38
   11   54
   12   42
   13   -10
   14   -70
   15   -74
   16   -84
   17   -90
   18   -92
   19   -104
   20   -118
   21   -94
   22   -124
   23   -120
   24   -122
   25   -138
   26   -134
   27   -130
   28   -162
   29   -152
   30   -162
   31   -164
   32   -174
   33   -178
   34   -166
   35   -178
   36   -156
   37   -154
   38   -116
   39   -102
   40   -68
   41   -38
   42   -16
   43   22
   44   36
   45   50
   46   64
   47   56
   48   76
   49   64
   50   50
   51   46
   52   38
   53   42
   54   24
   55   26
   56   32
   57   28
   58   24
   59   36
   60   22
   61   16
   62   20
   63   14
   64   24
   65   12
   66   8
   67   18
   68   10
   69   4
   70   6
   71   -4
   72   8
   73   -6
   74   -6
   75   -10
   76   14
   77   18
   78   30
   79   38
   80   44
   81   28
   82   8
   83   14
   84   -12
   85   -14
   86   -36
   87   -8
   88   -30
   89   -38
   90   -24
   91   -30
   92   -24
   93   -42
   94   -40
   95   -24
   96   -28
   97   -38
   98   -46
   99   -54
  100   14
  101   24
