    1   42
    2   66
    3   2
    4   8
    5   -12
    6   -16
    7   -26
    8   -64
    9   -66
   10   -24
   11   -88
   12   -78
   13   -76
   14   -68
   15   -106
   16   -104
   17   -120
   18   -122
   19   -128
   20   -152
   21   -122
   22   -154
   23   -128
   24   -152
   25   -164
   26   -134
   27   -134
   28   -126
   29   -48
   30   -66
   31   -32
   32   -14
   33   -16
   34   104
   35   42
   36   60
   37   78
   38   88
   39   74
   40   70
   41   104
   42   42
   43   116
   44   46
   45   68
   46   46
   47   42
   48   78
   49   70
   50   54
   51   56
   52   60
   53   46
   54   40
   55   64
   56   26
   57   66
   58   40
   59   14
   60   32
   61   24
   62   30
   63   28
   64   12
   65   2
   66   -6
   67   56
   68   2
   69   58
   70   10
   71   34
   72   4
   73   32
   74   -6
   75   -2
   76   -22
   77   -8
   78   0
   79   -10
   80   -40
   81   16
   82   -36
   83   -40
   84   -10
   85   -6
   86   -40
   87   0
   88   -30
   89   -40
   90   -18
   91   4
   92   12
   93   120
   94   247
   95   162
   96   198
   97   70
   98   -58
   99   8
