    1   48
    2   162
    3   284
    4   258
    5   206
    6   78
    7   -50
    8   -18
    9   38
   10   2
   11   24
   12   10
   13   16
   14   -28
   15   -70
   16   -84
   17   -50
   18   -90
   19   -78
   20   -98
   21   -110
   22   -102
   23   -116
   24   -120
   25   -136
   26   -142
   27   -140
   28   -184
   29   -132
   30   -170
   31   -154
   32   -166
   33   -174
   34   -104
   35   -116
   36   -116
   37   -78
   38   -32
   39   -22
   40   -10
   41   34
   42   28
   43   54
   44   56
   45   70
   46   62
   47   60
   48   62
   49   48
   50   62
   51   32
   52   40
   53   36
   54   40
   55   34
   56   28
   57   20
   58   28
   59   22
   60   34
   61   -2
   62   28
   63   10
   64   10
   65   10
   66   16
   67   10
   68   -18
   69   0
   70   14
   71   -8
   72   -18
   73   18
   74   40
   75   40
   76   16
   77   46
   78   -8
   79   10
   80   -30
   81   2
   82   -28
   83   -36
   84   -32
   85   -24
   86   -20
   87   -34
   88   -16
   89   -38
   90   -10
   91   -32
   92   -26
   93   -30
   94   -32
   95   0
