    1   42
    2   112
    3   206
    4   316
    5   226
    6   98
    7   -30
    8   -52
    9   -6
   10   -44
   11   -16
   12   -42
   13   -76
   14   -140
   15   -140
   16   -166
   17   -162
   18   -158
   19   -182
   20   -204
   21   -216
   22   -230
   23   -250
   24   -276
   25   -290
   26   -318
   27   -328
   28   -334
   29   -324
   30   -318
   31   -312
   32   -258
   33   -210
   34   -168
   35   -132
   36   -70
   37   -40
   38   -24
   39   -22
   40   14
   41   18
   42   26
   43   -4
   44   34
   45   48
   46   28
   47   24
   48   26
   49   8
   50   36
   51   44
   52   26
   53   64
   54   62
   55   56
   56   86
   57   102
   58   142
   59   152
   60   166
   61   170
   62   174
   63   142
   64   128
   65   98
   66   86
   67   72
   68   96
   69   106
   70   70
   71   12
   72   16
   73   22
   74   26
   75   -24
   76   -8
   77   10
   78   28
