    1   20
    2   70
    3   186
    4   313
    5   185
    6   70
    7   -58
    8   -84
    9   43
   10   36
   11   4
   12   18
   13   44
   14   0
   15   -22
   16   -30
   17   -30
   18   -12
   19   -50
   20   -58
   21   32
   22   -68
   23   -44
   24   -38
   25   -26
   26   -50
   27   -54
   28   -60
   29   -32
   30   -62
   31   -64
   32   -56
   33   -46
   34   -78
   35   -50
   36   2
   37   -12
   38   6
   39   34
   40   48
   41   70
   42   142
   43   116
   44   120
   45   168
   46   148
   47   152
   48   140
   49   168
   50   180
   51   158
   52   136
   53   150
   54   136
   55   148
   56   150
   57   148
   58   132
   59   146
   60   134
   61   152
   62   124
   63   114
   64   122
   65   154
   66   104
   67   114
   68   98
   69   122
   70   118
   71   74
   72   102
   73   110
   74   94
   75   98
   76   128
   77   108
   78   126
   79   88
   80   106
   81   62
   82   68
   83   78
   84   56
   85   84
   86   34
   87   80
   88   36
   89   46
   90   22
   91   74
   92   54
   93   24
   94   64
   95   50
   96   34
   97   36
   98   34
   99   106
