    1   94
    2   212
    3   339
    4   276
    5   148
    6   20
    7   98
    8   144
    9   144
   10   160
   11   146
   12   66
   13   -44
   14   -54
   15   -64
   16   -80
   17   -78
   18   -88
   19   -96
   20   -112
   21   -100
   22   -104
   23   -126
   24   -136
   25   -146
   26   -136
   27   -164
   28   -164
   29   -190
   30   -206
   31   -206
   32   -216
   33   -210
   34   -200
   35   -202
   36   -194
   37   -144
   38   -116
   39   -90
   40   -44
   41   -8
   42   20
   43   46
   44   58
   45   84
   46   90
   47   92
   48   98
   49   102
   50   90
   51   82
   52   82
   53   92
   54   80
   55   84
   56   84
   57   86
   58   80
   59   72
   60   86
   61   74
   62   82
   63   70
   64   70
   65   76
   66   60
   67   64
   68   48
   69   64
   70   58
   71   54
   72   60
   73   66
   74   48
   75   68
   76   58
   77   66
   78   84
   79   102
   80   110
   81   82
   82   74
   83   66
   84   34
   85   28
   86   30
   87   28
   88   30
   89   18
   90   32
   91   20
   92   22
   93   2
   94   36
   95   20
   96   8
   97   10
   98   12
   99   34
  100   24
  101   62
