    1   110
    2   222
    3   318
    4   192
    5   66
    6   -62
    7   50
    8   88
    9   104
   10   120
   11   102
   12   92
   13   0
   14   -18
   15   -38
   16   -52
   17   -58
   18   -62
   19   -88
   20   -54
   21   -90
   22   -72
   23   -78
   24   -98
   25   -86
   26   -84
   27   -88
   28   -110
   29   -116
   30   -98
   31   -114
   32   -120
   33   -84
   34   -124
   35   -84
   36   -100
   37   -50
   38   -38
   39   12
   40   8
   41   58
   42   68
   43   98
   44   106
   45   132
   46   134
   47   146
   48   134
   49   142
   50   142
   51   130
   52   136
   53   134
   54   134
   55   130
   56   134
   57   124
   58   136
   59   140
   60   124
   61   134
   62   128
   63   126
   64   118
   65   136
   66   102
   67   116
   68   108
   69   108
   70   100
   71   92
   72   84
   73   98
   74   88
   75   84
   76   100
   77   90
   78   110
   79   114
   80   124
   81   108
   82   84
   83   76
   84   74
   85   60
   86   58
   87   50
   88   56
   89   50
   90   52
   91   48
   92   40
   93   46
   94   32
   95   48
   96   38
   97   44
   98   34
   99   48
  100   52
  101   76
