    1   51
    2   96
    3   74
    4   42
    5   52
    6   -8
    7   66
    8   -62
    9   -74
   10   -86
   11   -32
   12   -78
   13   -2
   14   -54
   15   -108
   16   -98
   17   -50
   18   -94
   19   -110
   20   -44
   21   -142
   22   -84
   23   -76
   24   -80
   25   -68
   26   -162
   27   -92
   28   35
   29   -88
   30   22
   31   14
   32   18
   33   86
   34   48
   35   120
   36   88
   37   106
   38   136
   39   130
   40   178
   41   108
   42   110
   43   116
   44   152
   45   144
   46   90
   47   100
   48   86
   49   150
   50   82
   51   102
   52   96
   53   88
   54   156
   55   28
   56   68
   57   90
   58   90
   59   72
   60   88
   61   74
   62   70
   63   66
   64   66
   65   110
   66   92
   67   94
   68   102
   69   108
   70   20
   71   40
   72   18
   73   18
   74   12
   75   -24
   76   -2
   77   66
   78   -52
   79   -22
   80   -2
   81   -2
   82   -26
   83   -8
   84   0
   85   -30
   86   -12
   87   0
   88   42
   89   124
   90   228
   91   272
   92   178
   93   50
   94   -78
   95   22
