    1   14
    2   94
    3   194
    4   150
    5   164
    6   36
    7   -60
    8   20
    9   68
   10   -8
   11   6
   12   22
   13   -68
   14   -80
   15   -96
   16   -92
   17   -110
   18   -106
   19   -122
   20   -118
   21   -124
   22   -126
   23   -138
   24   -138
   25   -140
   26   -156
   27   -162
   28   -168
   29   -166
   30   -184
   31   -186
   32   -186
   33   -188
   34   -202
   35   -192
   36   -170
   37   -164
   38   -146
   39   -116
   40   -84
   41   -56
   42   -24
   43   -2
   44   28
   45   42
   46   50
   47   58
   48   72
   49   58
   50   58
   51   52
   52   62
   53   52
   54   30
   55   52
   56   50
   57   52
   58   50
   59   56
   60   52
   61   54
   62   58
   63   56
   64   48
   65   44
   66   42
   67   56
   68   40
   69   40
   70   36
   71   54
   72   42
   73   44
   74   32
   75   40
   76   36
   77   36
   78   46
   79   50
   80   40
   81   42
   82   68
   83   80
   84   90
   85   98
   86   82
   87   80
   88   76
   89   54
   90   66
   91   60
   92   48
   93   32
   94   50
   95   72
   96   42
   97   42
   98   52
   99   54
  100   62
  101   42
  102   72
  103   60
  104   48
  105   62
