    1   -40
    2   -6
    3   -24
    4   -28
    5   -18
    6   -72
    7   -134
    8   -56
    9   -102
   10   -124
   11   -132
   12   -108
   13   -124
   14   -144
   15   -136
   16   -164
   17   -160
   18   -144
   19   -166
   20   -192
   21   -168
   22   -190
   23   -182
   24   -196
   25   -150
   26   -168
   27   -132
   28   -114
   29   -102
   30   -52
   31   -30
   32   32
   33   -12
   34   30
   35   50
   36   52
   37   54
   38   58
   39   76
   40   44
   41   46
   42   -6
   43   70
   44   16
   45   22
   46   6
   47   26
   48   4
   49   48
   50   8
   51   20
   52   10
   53   30
   54   16
   55   -10
   56   42
   57   -16
   58   -4
   59   6
   60   2
   61   -26
   62   8
   63   16
   64   12
   65   30
   66   34
   67   68
   68   28
   69   24
   70   8
   71   -10
   72   -20
   73   -42
   74   -2
   75   -28
   76   -26
   77   -30
   78   -40
   79   -32
   80   -26
   81   -42
   82   -34
   83   -8
   84   -62
   85   -24
   86   -40
   87   36
   88   100
   89   144
   90   250
   91   122
   92   -6
   93   -134
   94   -66
