    1   10
    2   112
    3   234
    4   246
    5   198
    6   70
    7   -58
    8   -10
    9   48
   10   24
   11   36
   12   24
   13   -26
   14   -20
   15   -62
   16   -78
   17   -84
   18   -56
   19   -124
   20   -52
   21   -114
   22   -118
   23   -116
   24   -106
   25   -154
   26   -120
   27   -142
   28   -162
   29   -148
   30   -164
   31   -178
   32   -178
   33   -114
   34   -132
   35   -122
   36   -90
   37   -72
   38   -40
   39   -26
   40   -6
   41   68
   42   64
   43   44
   44   66
   45   110
   46   84
   47   92
   48   96
   49   82
   50   82
   51   72
   52   78
   53   46
   54   70
   55   80
   56   64
   57   48
   58   72
   59   42
   60   82
   61   20
   62   60
   63   56
   64   38
   65   50
   66   40
   67   34
   68   30
   69   52
   70   36
   71   10
   72   46
   73   6
   74   40
   75   58
   76   66
   77   62
   78   58
   79   32
   80   34
   81   12
   82   -6
   83   8
   84   8
   85   8
   86   -4
   87   0
   88   6
   89   -8
   90   -16
   91   -6
   92   2
   93   4
   94   -6
   95   -2
   96   8
