    1   18
    2   86
    3   160
    4   232
    5   112
    6   34
    7   -94
    8   33
    9   66
   10   68
   11   94
   12   86
   13   0
   14   -70
   15   -90
   16   -104
   17   -124
   18   -108
   19   -130
   20   -124
   21   -142
   22   -130
   23   -158
   24   -180
   25   -170
   26   -202
   27   -210
   28   -238
   29   -244
   30   -256
   31   -280
   32   -292
   33   -280
   34   -292
   35   -274
   36   -258
   37   -226
   38   -168
   39   -144
   40   -92
   41   -68
   42   6
   43   0
   44   32
   45   44
   46   56
   47   58
   48   60
   49   52
   50   50
   51   50
   52   32
   53   40
   54   40
   55   38
   56   34
   57   52
   58   50
   59   44
   60   40
   61   58
   62   46
   63   42
   64   44
   65   48
   66   44
   67   42
   68   28
   69   38
   70   28
   71   24
   72   20
   73   34
   74   18
   75   14
   76   28
   77   14
   78   22
   79   10
   80   4
   81   28
   82   4
   83   8
   84   12
   85   24
   86   -2
   87   6
   88   8
   89   20
   90   20
   91   58
   92   60
   93   62
   94   26
   95   16
   96   18
   97   6
   98   0
   99   -12
  100   -2
  101   -8
  102   -20
  103   -4
  104   0
  105   -12
  106   0
  107   -6
  108   0
  109   2
  110   -20
  111   18
  112   0
  113   -4
