    1   -92
    2   -114
    3   -106
    4   -106
    5   -74
    6   -188
    7   -192
    8   -202
    9   -176
   10   -236
   11   -198
   12   -184
   13   -268
   14   -264
   15   -272
   16   -256
   17   -272
   18   -278
   19   -260
   20   -236
   21   -284
   22   -204
   23   -156
   24   -134
   25   -60
   26   -46
   27   8
   28   22
   29   92
   30   66
   31   80
   32   110
   33   60
   34   104
   35   58
   36   78
   37   40
   38   74
   39   28
   40   32
   41   2
   42   22
   43   100
   44   66
   45   132
   46   134
   47   148
   48   186
   49   172
   50   160
   51   140
   52   144
   53   128
   54   138
   55   138
   56   148
   57   90
   58   102
   59   116
   60   122
   61   96
   62   108
