    1   60
    2   178
    3   305
    4   232
    5   192
    6   64
    7   -54
    8   42
    9   106
   10   54
   11   78
   12   80
   13   24
   14   -40
   15   -36
   16   -62
   17   -64
   18   -80
   19   -72
   20   -84
   21   -88
   22   -92
   23   -94
   24   -104
   25   -122
   26   -130
   27   -116
   28   -142
   29   -154
   30   -166
   31   -158
   32   -150
   33   -146
   34   -144
   35   -134
   36   -98
   37   -84
   38   -52
   39   -24
   40   -6
   41   26
   42   28
   43   54
   44   96
   45   68
   46   74
   47   76
   48   70
   49   76
   50   68
   51   64
   52   60
   53   44
   54   62
   55   68
   56   66
   57   32
   58   62
   59   62
   60   48
   61   36
   62   90
   63   58
   64   54
   65   16
   66   36
   67   34
   68   22
   69   28
   70   10
   71   36
   72   10
   73   22
   74   34
   75   40
   76   72
   77   62
   78   56
   79   0
   80   -8
   81   6
   82   10
   83   -18
   84   -20
   85   -20
   86   -14
   87   -40
   88   -14
   89   -22
   90   -48
   91   -32
   92   -58
   93   8
   94   -58
   95   -44
   96   -44
   97   -30
   98   -24
