    1   204
    2   268
    3   346
    4   238
    5   110
    6   32
    7   90
    8   164
    9   132
   10   152
   11   134
   12   90
   13   -2
   14   6
   15   -2
   16   -58
   17   -26
   18   -66
   19   -40
   20   -70
   21   -80
   22   -94
   23   -92
   24   -90
   25   -140
   26   -140
   27   -142
   28   -178
   29   -192
   30   -186
   31   -230
   32   -210
   33   -230
   34   -212
   35   -200
   36   -162
   37   -140
   38   -96
   39   -58
   40   -12
   41   20
   42   46
   43   60
   44   78
   45   108
   46   108
   47   100
   48   92
   49   122
   50   104
   51   88
   52   80
   53   124
   54   82
   55   104
   56   96
   57   106
   58   96
   59   108
   60   98
   61   100
   62   92
   63   102
   64   116
   65   88
   66   90
   67   84
   68   98
   69   78
   70   88
   71   68
   72   86
   73   80
   74   72
   75   54
   76   68
   77   58
   78   76
   79   42
   80   54
   81   72
   82   32
   83   64
   84   34
   85   58
   86   66
   87   98
   88   84
   89   100
   90   82
   91   70
   92   62
   93   42
   94   34
   95   38
   96   30
   97   32
   98   44
   99   12
  100   42
  101   42
  102   28
  103   56
  104   38
  105   16
  106   48
  107   32
  108   58
  109   50
  110   98
  111   200
  112   278
  113   168
  114   60
  115   -54
  116   73
