    1   16
    2   98
    3   225
    4   188
    5   172
    6   44
    7   -84
    8   -66
    9   20
   10   -12
   11   -22
   12   -20
   13   -26
   14   -60
   15   -82
   16   -64
   17   -130
   18   -84
   19   -116
   20   -118
   21   -108
   22   -116
   23   -150
   24   -148
   25   -160
   26   -132
   27   -180
   28   -182
   29   -196
   30   -150
   31   -198
   32   -170
   33   -182
   34   -134
   35   -138
   36   -122
   37   -64
   38   -46
   39   -26
   40   10
   41   20
   42   18
   43   46
   44   66
   45   40
   46   68
   47   62
   48   26
   49   34
   50   66
   51   16
   52   28
   53   14
   54   12
   55   38
   56   20
   57   18
   58   14
   59   10
   60   32
   61   28
   62   -6
   63   22
   64   4
   65   38
   66   -2
   67   -4
   68   2
   69   -4
   70   20
   71   -16
   72   -12
   73   4
   74   26
   75   58
   76   20
   77   28
   78   -24
   79   18
   80   -10
   81   -44
   82   -18
   83   -30
   84   -68
   85   -6
   86   -48
   87   -44
   88   -48
   89   -34
   90   -34
   91   -42
   92   -42
   93   -44
   94   -36
   95   -46
   96   -10
