    1   -4
    2   92
    3   178
    4   208
    5   122
    6   -6
    7   -134
    8   -64
    9   -44
   10   -88
   11   -36
   12   -100
   13   -44
   14   -106
   15   -108
   16   -88
   17   -118
   18   -118
   19   -108
   20   -116
   21   -134
   22   -134
   23   -144
   24   -136
   25   -156
   26   -154
   27   -166
   28   -174
   29   -186
   30   -156
   31   -172
   32   -156
   33   -158
   34   -128
   35   -114
   36   -72
   37   -52
   38   -46
   39   4
   40   18
   41   28
   42   54
   43   60
   44   68
   45   66
   46   58
   47   60
   48   64
   49   46
   50   36
   51   48
   52   32
   53   28
   54   26
   55   28
   56   26
   57   24
   58   24
   59   26
   60   20
   61   18
   62   6
   63   30
   64   -2
   65   6
   66   14
   67   12
   68   -14
   69   -8
   70   -6
   71   -8
   72   -12
   73   14
   74   42
   75   24
   76   16
   77   6
   78   -4
   79   -10
   80   -32
   81   -30
   82   -42
   83   -44
   84   -40
   85   -32
   86   -40
   87   -40
   88   -44
   89   -50
   90   -38
   91   -40
   92   -46
   93   -44
   94   -30
