    1   56
    2   118
    3   210
    4   334
    5   206
    6   90
    7   -38
    8   -36
    9   20
   10   52
   11   30
   12   14
   13   34
   14   -10
   15   -44
   16   -60
   17   -80
   18   -66
   19   -102
   20   -88
   21   -110
   22   -104
   23   -118
   24   -132
   25   -140
   26   -156
   27   -154
   28   -150
   29   -176
   30   -184
   31   -172
   32   -172
   33   -164
   34   -176
   35   -132
   36   -120
   37   -88
   38   -72
   39   -20
   40   -18
   41   4
   42   24
   43   28
   44   46
   45   56
   46   40
   47   74
   48   50
   49   36
   50   44
   51   34
   52   32
   53   34
   54   24
   55   16
   56   24
   57   26
   58   4
   59   22
   60   -4
   61   30
   62   -10
   63   4
   64   -10
   65   20
   66   -20
   67   -18
   68   2
   69   -16
   70   -14
   71   -30
   72   -4
   73   16
   74   30
   75   26
   76   -8
   77   38
   78   -28
   79   -26
   80   -34
   81   -36
   82   -52
   83   -52
   84   -38
   85   -46
   86   -56
   87   -50
   88   -64
   89   -26
   90   -68
   91   -54
   92   -50
   93   -58
   94   -54
