    1   32
    2   46
    3   146
    4   273
    5   145
    6   114
    7   -14
    8   -20
    9   44
   10   56
   11   54
   12   34
   13   42
   14   -56
   15   -88
   16   -80
   17   -84
   18   -122
   19   -108
   20   -122
   21   -156
   22   -92
   23   -154
   24   -144
   25   -162
   26   -158
   27   -152
   28   -162
   29   -200
   30   -152
   31   -222
   32   -152
   33   -198
   34   -184
   35   -174
   36   -164
   37   -144
   38   -102
   39   -102
   40   -66
   41   -10
   42   -6
   43   10
   44   24
   45   50
   46   62
   47   54
   48   50
   49   60
   50   46
   51   50
   52   66
   53   38
   54   16
   55   20
   56   44
   57   50
   58   24
   59   32
   60   42
   61   42
   62   34
   63   44
   64   16
   65   30
   66   24
   67   -2
   68   26
   69   2
   70   -6
   71   2
   72   2
   73   6
   74   -28
   75   28
   76   -16
   77   12
   78   44
   79   40
   80   52
   81   10
   82   0
   83   12
   84   -8
   85   -30
   86   -24
   87   -34
   88   -18
   89   -18
   90   -28
   91   -42
   92   -24
   93   -48
   94   -12
   95   -32
   96   -20
   97   -28
   98   -28
   99   -30
  100   -28
