    1   12
    2   74
    3   178
    4   304
    5   176
    6   48
    7   -80
    8   -92
    9   18
   10   -18
   11   -14
   12   -40
   13   -6
   14   -42
   15   -90
   16   -84
   17   -112
   18   -96
   19   -92
   20   -122
   21   -122
   22   -134
   23   -100
   24   -168
   25   -148
   26   -172
   27   -182
   28   -146
   29   -178
   30   -220
   31   -156
   32   -208
   33   -160
   34   -166
   35   -146
   36   -122
   37   -108
   38   -48
   39   -42
   40   4
   41   -4
   42   6
   43   58
   44   50
   45   36
   46   46
   47   46
   48   50
   49   30
   50   36
   51   30
   52   12
   53   8
   54   28
   55   0
   56   8
   57   18
   58   -16
   59   46
   60   -12
   61   0
   62   -6
   63   -2
   64   32
   65   -16
   66   -12
   67   -4
   68   -16
   69   -6
   70   -20
   71   -20
   72   -10
   73   -32
   74   -26
   75   14
   76   14
   77   24
   78   20
   79   24
   80   -2
   81   2
   82   -36
   83   -28
   84   -52
   85   -12
   86   -58
   87   -20
   88   -50
   89   -56
   90   -36
   91   -52
   92   -38
   93   -54
   94   -56
   95   -32
   96   -48
   97   -44
   98   -42
