    1   22
    2   114
    3   241
    4   114
    5   138
    6   10
    7   -118
    8   -16
    9   48
   10   4
   11   20
   12   28
   13   -58
   14   -68
   15   -66
   16   -120
   17   -94
   18   -92
   19   -116
   20   -106
   21   -110
   22   -126
   23   -100
   24   -128
   25   -150
   26   -136
   27   -146
   28   -164
   29   -148
   30   -160
   31   -142
   32   -162
   33   -128
   34   -120
   35   -80
   36   -94
   37   -68
   38   -20
   39   -20
   40   18
   41   28
   42   42
   43   58
   44   72
   45   68
   46   66
   47   90
   48   74
   49   58
   50   68
   51   56
   52   60
   53   50
   54   42
   55   58
   56   50
   57   48
   58   60
   59   40
   60   64
   61   52
   62   50
   63   54
   64   44
   65   64
   66   24
   67   24
   68   56
   69   22
   70   52
   71   18
   72   64
   73   62
   74   70
   75   92
   76   52
   77   40
   78   40
   79   30
   80   18
   81   14
   82   2
   83   2
   84   2
   85   2
   86   4
   87   2
   88   -14
   89   14
   90   -20
   91   6
   92   -12
   93   -18
   94   14
   95   16
