    1   -42
    2   60
    3   187
    4   158
    5   130
    6   2
    7   -126
    8   -28
    9   -16
   10   -62
   11   -42
   12   -58
   13   -118
   14   -142
   15   -136
   16   -156
   17   -156
   18   -166
   19   -172
   20   -182
   21   -190
   22   -196
   23   -206
   24   -222
   25   -234
   26   -232
   27   -246
   28   -260
   29   -274
   30   -270
   31   -296
   32   -296
   33   -300
   34   -300
   35   -284
   36   -274
   37   -258
   38   -230
   39   -198
   40   -166
   41   -116
   42   -88
   43   -66
   44   -34
   45   -10
   46   -2
   47   4
   48   6
   49   0
   50   16
   51   -6
   52   -6
   53   0
   54   -12
   55   -12
   56   -16
   57   -12
   58   -8
   59   -26
   60   -14
   61   -6
   62   -14
   63   -16
   64   -14
   65   -12
   66   -22
   67   -18
   68   -4
   69   -6
   70   -22
   71   -10
   72   -8
   73   10
   74   -8
   75   0
   76   0
   77   14
   78   4
   79   4
   80   20
   81   40
   82   56
   83   50
   84   70
   85   44
   86   34
   87   16
   88   24
   89   4
   90   8
   91   -14
   92   12
   93   -4
   94   0
   95   -20
   96   -2
   97   2
   98   2
   99   -2
  100   8
  101   -2
  102   14
  103   10
  104   28
