    1   -12
    2   14
    3   122
    4   240
    5   184
    6   162
    7   34
    8   -94
    9   -74
   10   -20
   11   -76
   12   -58
   13   -76
   14   -56
   15   -44
   16   -102
   17   -96
   18   -74
   19   -96
   20   -114
   21   -106
   22   -118
   23   -128
   24   -112
   25   -154
   26   -160
   27   -126
   28   -186
   29   -150
   30   -172
   31   -190
   32   -160
   33   -166
   34   -146
   35   -140
   36   -126
   37   -82
   38   -44
   39   -28
   40   -6
   41   18
   42   54
   43   50
   44   64
   45   76
   46   74
   47   70
   48   54
   49   68
   50   48
   51   36
   52   64
   53   32
   54   20
   55   62
   56   26
   57   26
   58   12
   59   40
   60   8
   61   20
   62   8
   63   24
   64   26
   65   0
   66   10
   67   6
   68   8
   69   22
   70   -8
   71   8
   72   2
   73   4
   74   38
   75   42
   76   46
   77   24
   78   32
   79   6
   80   6
   81   -22
   82   -28
   83   -20
   84   -38
   85   -28
   86   -18
   87   -32
   88   -44
   89   -48
   90   -34
   91   -36
   92   -36
   93   -36
   94   -36
   95   -48
   96   0
