    1   82
    2   188
    3   272
    4   144
    5   16
    6   -112
    7   -88
    8   -4
    9   -28
   10   -14
   11   -42
   12   -26
   13   -44
   14   -88
   15   -78
   16   -90
   17   -98
   18   -104
   19   -104
   20   -106
   21   -142
   22   -120
   23   -138
   24   -110
   25   -134
   26   -158
   27   -146
   28   -148
   29   -148
   30   -156
   31   -130
   32   -154
   33   -92
   34   -102
   35   -74
   36   -40
   37   -2
   38   -18
   39   56
   40   44
   41   58
   42   76
   43   64
   44   78
   45   116
   46   68
   47   98
   48   84
   49   86
   50   80
   51   70
   52   108
   53   54
   54   72
   55   68
   56   94
   57   74
   58   72
   59   76
   60   82
   61   100
   62   74
   63   54
   64   88
   65   70
   66   46
   67   74
   68   58
   69   64
   70   46
   71   52
   72   100
   73   82
   74   98
   75   108
   76   60
   77   90
   78   46
   79   64
   80   36
   81   44
   82   16
   83   42
   84   28
   85   50
   86   -22
   87   32
   88   16
   89   52
   90   20
   91   -2
   92   16
   93   52
   94   4
