    1   84
    2   160
    3   240
    4   306
    5   208
    6   80
    7   -48
    8   62
    9   62
   10   72
   11   52
   12   52
   13   42
   14   -10
   15   -10
   16   -26
   17   -36
   18   -40
   19   -48
   20   -44
   21   -58
   22   -72
   23   -78
   24   -86
   25   -98
   26   -116
   27   -112
   28   -140
   29   -150
   30   -162
   31   -160
   32   -174
   33   -186
   34   -178
   35   -174
   36   -172
   37   -150
   38   -114
   39   -74
   40   -78
   41   -2
   42   32
   43   18
   44   74
   45   60
   46   128
   47   84
   48   92
   49   98
   50   96
   51   100
   52   88
   53   72
   54   90
   55   80
   56   74
   57   72
   58   84
   59   80
   60   80
   61   76
   62   96
   63   76
   64   50
   65   106
   66   60
   67   72
   68   60
   69   76
   70   62
   71   68
   72   62
   73   60
   74   52
   75   36
   76   48
   77   36
   78   44
   79   48
   80   50
   81   70
   82   82
   83   78
   84   62
   85   70
   86   50
   87   36
   88   40
   89   22
   90   6
   91   50
   92   4
   93   42
   94   28
   95   12
   96   34
   97   4
   98   52
   99   10
  100   56
  101   6
  102   32
  103   32
  104   52
