    1   82
    2   188
    3   315
    4   218
    5   212
    6   84
    7   2
    8   72
    9   94
   10   68
   11   30
   12   30
   13   -12
   14   -14
   15   -22
   16   -24
   17   -30
   18   -52
   19   -72
   20   -74
   21   -78
   22   -100
   23   -120
   24   -112
   25   -130
   26   -146
   27   -142
   28   -156
   29   -158
   30   -172
   31   -178
   32   -190
   33   -180
   34   -208
   35   -192
   36   -182
   37   -158
   38   -148
   39   -110
   40   -90
   41   -40
   42   -8
   43   16
   44   40
   45   58
   46   62
   47   72
   48   76
   49   70
   50   64
   51   64
   52   68
   53   60
   54   50
   55   44
   56   48
   57   48
   58   46
   59   50
   60   42
   61   38
   62   20
   63   32
   64   34
   65   30
   66   18
   67   30
   68   26
   69   22
   70   14
   71   32
   72   24
   73   14
   74   16
   75   20
   76   12
   77   18
   78   8
   79   8
   80   38
   81   32
   82   42
   83   46
   84   36
   85   10
   86   18
   87   -12
   88   -12
   89   -20
   90   -22
   91   -30
   92   -40
   93   -22
   94   -24
   95   -24
   96   -32
   97   -32
   98   -38
   99   -18
  100   -32
  101   -24
  102   -16
  103   -22
  104   -4
  105   18
