    1   14
    2   32
    3   132
    4   259
    5   131
    6   108
    7   -20
    8   -28
    9   52
   10   62
   11   54
   12   48
   13   40
   14   -40
   15   -94
   16   -80
   17   -94
   18   -102
   19   -112
   20   -110
   21   -110
   22   -126
   23   -136
   24   -140
   25   -148
   26   -146
   27   -168
   28   -164
   29   -164
   30   -178
   31   -174
   32   -188
   33   -162
   34   -174
   35   -166
   36   -134
   37   -108
   38   -90
   39   -60
   40   -32
   41   -4
   42   16
   43   28
   44   42
   45   56
   46   62
   47   54
   48   50
   49   64
   50   52
   51   42
   52   22
   53   54
   54   30
   55   26
   56   44
   57   10
   58   34
   59   36
   60   30
   61   18
   62   16
   63   12
   64   20
   65   8
   66   8
   67   -4
   68   -6
   69   -8
   70   -2
   71   -12
   72   -26
   73   -4
   74   -16
   75   28
   76   14
   77   26
   78   74
   79   20
   80   -22
   81   -32
   82   -28
   83   -30
   84   -42
   85   -38
   86   -38
   87   -52
   88   -34
   89   -30
   90   -60
   91   -50
   92   -38
   93   -46
   94   -34
   95   -46
   96   -50
   97   -48
