    1   102
    2   229
    3   290
    4   224
    5   96
    6   -32
    7   -6
    8   68
    9   40
   10   92
   11   58
   12   26
   13   -102
   14   -140
   15   -176
   16   -156
   17   -146
   18   -196
   19   -220
   20   -218
   21   -246
   22   -266
   23   -274
   24   -286
   25   -340
   26   -358
   27   -366
   28   -372
   29   -356
   30   -330
   31   -312
   32   -272
   33   -210
   34   -172
   35   -88
   36   -72
   37   -10
   38   32
   39   38
   40   66
   41   74
   42   72
   43   62
   44   76
   45   78
   46   76
   47   62
   48   60
   49   78
   50   76
   51   68
   52   82
   53   52
   54   80
   55   56
   56   62
   57   46
   58   62
   59   52
   60   74
   61   54
   62   74
   63   56
   64   90
   65   106
   66   106
   67   92
   68   74
   69   52
   70   16
   71   20
   72   8
   73   52
   74   4
   75   8
   76   -6
   77   30
   78   26
   79   8
   80   16
   81   26
   82   34
   83   86
