    1   26
    2   8
    3   80
    4   -14
    5   -24
    6   -92
    7   -106
    8   -120
    9   -114
   10   -104
   11   -134
   12   -128
   13   -170
   14   -194
   15   -134
   16   -184
   17   -248
   18   -182
   19   -174
   20   -302
   21   -244
   22   -236
   23   -332
   24   -268
   25   -300
   26   -262
   27   -246
   28   -212
   29   -192
   30   -148
   31   -110
   32   -26
   33   2
   34   -24
   35   8
   36   40
   37   36
   38   100
   39   74
   40   2
   41   54
   42   54
   43   32
   44   74
   45   8
   46   114
   47   62
   48   50
   49   48
   50   76
   51   66
   52   80
   53   74
   54   102
   55   68
   56   100
   57   54
   58   94
   59   54
   60   86
   61   84
   62   50
   63   70
   64   64
   65   60
   66   58
   67   40
   68   86
   69   58
   70   50
   71   76
   72   98
   73   100
   74   102
   75   94
   76   70
   77   70
   78   70
   79   32
   80   56
   81   32
   82   70
   83   46
   84   36
   85   58
   86   34
   87   52
   88   52
   89   58
   90   48
   91   54
   92   54
   93   72
   94   80
   95   102
   96   188
   97   315
   98   286
   99   262
  100   134
  101   42
  102   84
