    1   70
    2   184
    3   311
    4   198
    5   194
    6   66
    7   -62
    8   30
    9   78
   10   36
   11   46
   12   52
   13   6
   14   -60
   15   -66
   16   -58
   17   -86
   18   -74
   19   -108
   20   -88
   21   -102
   22   -128
   23   -122
   24   -140
   25   -140
   26   -134
   27   -176
   28   -150
   29   -180
   30   -142
   31   -204
   32   -172
   33   -162
   34   -146
   35   -148
   36   -106
   37   -88
   38   -54
   39   -30
   40   -14
   41   44
   42   10
   43   34
   44   62
   45   58
   46   64
   47   58
   48   60
   49   34
   50   60
   51   28
   52   32
   53   36
   54   22
   55   30
   56   26
   57   38
   58   22
   59   22
   60   18
   61   42
   62   -10
   63   34
   64   8
   65   18
   66   20
   67   -8
   68   10
   69   10
   70   14
   71   14
   72   58
   73   32
   74   34
   75   10
   76   20
   77   -12
   78   -34
   79   -28
   80   -10
   81   -46
   82   -54
   83   -12
   84   -40
   85   -26
   86   -56
   87   -42
   88   -34
   89   -30
   90   -46
   91   -42
   92   -30
   93   -24
