    1   142
    2   269
    3   348
    4   298
    5   170
    6   42
    7   146
    8   140
    9   104
   10   116
   11   88
   12   4
   13   -38
   14   -36
   15   -52
   16   -74
   17   -72
   18   -78
   19   -90
   20   -96
   21   -110
   22   -108
   23   -126
   24   -132
   25   -142
   26   -148
   27   -150
   28   -178
   29   -172
   30   -182
   31   -204
   32   -206
   33   -182
   34   -198
   35   -172
   36   -174
   37   -142
   38   -96
   39   -80
   40   -38
   41   -14
   42   32
   43   48
   44   58
   45   82
   46   84
   47   90
   48   84
   49   94
   50   86
   51   66
   52   72
   53   70
   54   68
   55   66
   56   60
   57   62
   58   72
   59   60
   60   62
   61   66
   62   54
   63   62
   64   48
   65   54
   66   50
   67   36
   68   50
   69   46
   70   44
   71   34
   72   30
   73   40
   74   34
   75   36
   76   14
   77   34
   78   24
   79   20
   80   26
   81   36
   82   74
   83   58
   84   72
   85   44
   86   36
   87   20
   88   8
   89   20
   90   0
   91   -4
   92   -8
   93   -8
   94   0
   95   -32
   96   -18
   97   -6
   98   -14
   99   -14
  100   -20
  101   -4
  102   -12
  103   -24
  104   -6
  105   26
