    1   -20
    2   52
    3   170
    4   286
    5   158
    6   42
    7   -86
    8   -76
    9   6
   10   0
   11   36
   12   -52
   13   -4
   14   -50
   15   -86
   16   -94
   17   -92
   18   -98
   19   -100
   20   -122
   21   -104
   22   -136
   23   -138
   24   -134
   25   -132
   26   -140
   27   -172
   28   -174
   29   -172
   30   -182
   31   -176
   32   -162
   33   -180
   34   -118
   35   -134
   36   -138
   37   -86
   38   -68
   39   -44
   40   -22
   41   2
   42   38
   43   32
   44   66
   45   60
   46   60
   47   68
   48   72
   49   56
   50   56
   51   46
   52   36
   53   26
   54   44
   55   48
   56   20
   57   34
   58   38
   59   22
   60   22
   61   36
   62   28
   63   36
   64   14
   65   26
   66   18
   67   24
   68   0
   69   30
   70   2
   71   24
   72   -12
   73   12
   74   4
   75   20
   76   34
   77   62
   78   36
   79   26
   80   12
   81   4
   82   2
   83   -22
   84   -18
   85   -20
   86   -22
   87   -40
   88   -24
   89   8
   90   -44
   91   -18
   92   -34
   93   -16
   94   -26
   95   -26
   96   -30
   97   -20
   98   -18
   99   -10
