    1   0
    2   127
    3   200
    4   206
    5   152
    6   24
    7   -104
    8   4
    9   40
   10   8
   11   34
   12   40
   13   -20
   14   -62
   15   -60
   16   -92
   17   -84
   18   -112
   19   -94
   20   -104
   21   -106
   22   -106
   23   -116
   24   -128
   25   -142
   26   -144
   27   -140
   28   -148
   29   -168
   30   -172
   31   -162
   32   -158
   33   -158
   34   -122
   35   -122
   36   -104
   37   -72
   38   -30
   39   -6
   40   8
   41   28
   42   54
   43   66
   44   62
   45   72
   46   72
   47   76
   48   62
   49   66
   50   50
   51   56
   52   42
   53   52
   54   52
   55   44
   56   34
   57   36
   58   46
   59   50
   60   36
   61   36
   62   32
   63   50
   64   28
   65   18
   66   14
   67   26
   68   20
   69   12
   70   10
   71   42
   72   16
   73   36
   74   42
   75   56
   76   30
   77   22
   78   8
   79   10
   80   -6
   81   -20
   82   -20
   83   -8
   84   -22
   85   -4
   86   -18
   87   -24
   88   -22
   89   -18
   90   -14
   91   -12
   92   -6
   93   -2
   94   -22
   95   32
