    1   116
    2   164
    3   274
    4   401
    5   324
    6   196
    7   68
    8   -52
    9   -18
   10   -48
   11   -36
   12   -12
   13   -94
   14   -96
   15   -122
   16   -114
   17   -122
   18   -130
   19   -166
   20   -166
   21   -200
   22   -208
   23   -200
   24   -252
   25   -230
   26   -260
   27   -260
   28   -248
   29   -238
   30   -224
   31   -210
   32   -172
   33   -138
   34   -118
   35   -64
   36   -40
   37   -32
   38   18
   39   -2
   40   14
   41   10
   42   20
   43   18
   44   58
   45   24
   46   62
   47   34
   48   22
   49   56
   50   72
   51   66
   52   72
   53   26
   54   24
   55   24
   56   50
   57   46
   58   36
   59   32
   60   42
   61   52
