    1   76
    2   182
    3   204
    4   116
    5   -12
    6   -140
    7   -24
    8   14
    9   -8
   10   24
   11   -4
   12   -10
   13   -70
   14   -84
   15   -112
   16   -80
   17   -110
   18   -106
   19   -110
   20   -112
   21   -120
   22   -124
   23   -150
   24   -122
   25   -140
   26   -160
   27   -162
   28   -148
   29   -152
   30   -168
   31   -132
   32   -150
   33   -108
   34   -112
   35   -82
   36   -44
   37   -12
   38   -12
   39   24
   40   38
   41   62
   42   62
   43   62
   44   92
   45   76
   46   76
   47   76
   48   88
   49   68
   50   78
   51   56
   52   82
   53   78
   54   68
   55   56
   56   68
   57   96
   58   58
   59   72
   60   76
   61   72
   62   66
   63   72
   64   76
   65   66
   66   58
   67   70
   68   60
   69   104
   70   92
   71   128
   72   88
   73   100
   74   74
   75   58
   76   78
   77   42
   78   44
   79   42
   80   50
   81   44
   82   32
   83   44
   84   36
   85   50
   86   36
   87   30
   88   52
   89   50
   90   38
