    1   76
    2   112
    3   216
    4   343
    5   215
    6   150
    7   22
    8   8
    9   96
   10   130
   11   84
   12   100
   13   100
   14   14
   15   -36
   16   -42
   17   -48
   18   -56
   19   -66
   20   -70
   21   -78
   22   -64
   23   -98
   24   -100
   25   -98
   26   -102
   27   -126
   28   -138
   29   -148
   30   -144
   31   -164
   32   -156
   33   -158
   34   -140
   35   -138
   36   -116
   37   -96
   38   -70
   39   -50
   40   -36
   41   10
   42   18
   43   26
   44   48
   45   56
   46   66
   47   60
   48   82
   49   76
   50   60
   51   50
   52   56
   53   66
   54   50
   55   36
   56   46
   57   56
   58   54
   59   28
   60   48
   61   44
   62   36
   63   36
   64   30
   65   34
   66   28
   67   32
   68   8
   69   12
   70   16
   71   4
   72   4
   73   -6
   74   24
   75   32
   76   34
   77   46
   78   28
   79   20
   80   0
   81   -14
   82   -14
   83   -38
   84   -30
   85   -32
   86   -48
   87   -34
   88   -30
   89   -52
   90   -30
   91   -46
   92   -42
   93   -38
   94   -46
   95   -42
   96   -36
   97   -32
