    1   14
    2   48
    3   162
    4   268
    5   140
    6   98
    7   -30
    8   -12
    9   68
   10   48
   11   54
   12   18
   13   14
   14   -44
   15   -78
   16   -88
   17   -96
   18   -102
   19   -112
   20   -116
   21   -100
   22   -106
   23   -140
   24   -130
   25   -132
   26   -118
   27   -146
   28   -180
   29   -144
   30   -166
   31   -144
   32   -168
   33   -172
   34   -164
   35   -148
   36   -138
   37   -114
   38   -116
   39   -88
   40   -56
   41   -20
   42   10
   43   26
   44   42
   45   92
   46   70
   47   88
   48   94
   49   98
   50   92
   51   78
   52   102
   53   88
   54   110
   55   80
   56   86
   57   96
   58   104
   59   86
   60   102
   61   96
   62   108
   63   90
   64   90
   65   104
   66   96
   67   96
   68   80
   69   100
   70   88
   71   72
   72   82
   73   80
   74   78
   75   88
   76   78
   77   96
   78   114
   79   120
   80   120
   81   108
   82   90
   83   86
   84   84
   85   62
   86   66
   87   54
   88   62
   89   34
   90   60
   91   44
   92   52
   93   60
   94   46
   95   28
   96   40
   97   46
   98   36
   99   40
  100   46
