    1   60
    2   132
    3   254
    4   336
    5   214
    6   86
    7   -42
    8   8
    9   42
   10   58
   11   42
   12   16
   13   28
   14   -22
   15   -44
   16   -64
   17   -62
   18   -78
   19   -90
   20   -80
   21   -96
   22   -94
   23   -96
   24   -122
   25   -118
   26   -160
   27   -108
   28   -164
   29   -160
   30   -162
   31   -170
   32   -142
   33   -156
   34   -160
   35   -116
   36   -118
   37   -88
   38   -42
   39   -38
   40   12
   41   6
   42   24
   43   36
   44   56
   45   54
   46   50
   47   62
   48   50
   49   34
   50   38
   51   32
   52   32
   53   14
   54   26
   55   26
   56   18
   57   6
   58   18
   59   16
   60   4
   61   8
   62   6
   63   0
   64   4
   65   -22
   66   -12
   67   10
   68   -36
   69   -22
