    1   -14
    2   46
    3   136
    4   256
    5   128
    6   0
    7   -128
    8   -104
    9   -44
   10   -34
   11   -52
   12   -86
   13   -26
   14   -64
   15   -58
   16   -76
   17   -116
   18   -108
   19   -106
   20   -126
   21   -124
   22   -146
   23   -140
   24   -158
   25   -164
   26   -170
   27   -170
   28   -194
   29   -188
   30   -194
   31   -200
   32   -170
   33   -192
   34   -144
   35   -156
   36   -96
   37   -106
   38   -62
   39   -46
   40   -40
   41   -6
   42   16
   43   28
   44   30
   45   12
   46   42
   47   10
   48   20
   49   12
   50   2
   51   24
   52   -22
   53   -2
   54   8
   55   8
   56   -18
   57   66
   58   -52
   59   -18
   60   -6
   61   -34
   62   -4
   63   -30
   64   -32
   65   -12
   66   -50
   67   -10
   68   -28
   69   -18
   70   -6
   71   50
   72   -10
   73   24
   74   4
   75   -42
   76   -34
   77   -50
   78   -42
   79   -72
   80   -70
   81   -80
   82   -36
   83   -60
   84   -66
   85   -68
   86   -42
   87   -68
   88   -56
   89   -64
   90   -40
   91   -60
