    1   50
    2   130
    3   257
    4   129
    5   154
    6   26
    7   -102
    8   2
    9   40
   10   14
   11   -4
   12   18
   13   -28
   14   -54
   15   -72
   16   -54
   17   -82
   18   -78
   19   -94
   20   -98
   21   -88
   22   -114
   23   -118
   24   -114
   25   -130
   26   -134
   27   -160
   28   -132
   29   -170
   30   -166
   31   -126
   32   -130
   33   -138
   34   -110
   35   -106
   36   -54
   37   -22
   38   -28
   39   26
   40   30
   41   48
   42   82
   43   72
   44   80
   45   90
   46   80
   47   102
   48   58
   49   74
   50   68
   51   54
   52   64
   53   54
   54   36
   55   56
   56   54
   57   54
   58   40
   59   40
   60   60
   61   40
   62   46
   63   24
   64   44
   65   40
   66   38
   67   34
   68   26
   69   48
   70   14
   71   38
   72   64
   73   72
   74   82
   75   50
   76   58
   77   50
   78   36
   79   18
   80   18
   81   10
   82   22
   83   4
   84   14
   85   8
   86   6
   87   4
   88   16
   89   18
   90   0
   91   8
   92   24
   93   6
   94   22
