    1   -10
    2   86
    3   206
    4   274
    5   148
    6   20
    7   -108
    8   -82
    9   -24
   10   -48
   11   -44
   12   -46
   13   -24
   14   -66
   15   -86
   16   -100
   17   -96
   18   -102
   19   -108
   20   -114
   21   -110
   22   -110
   23   -134
   24   -134
   25   -152
   26   -146
   27   -164
   28   -164
   29   -172
   30   -176
   31   -182
   32   -180
   33   -178
   34   -154
   35   -146
   36   -114
   37   -92
   38   -70
   39   -14
   40   -22
   41   14
   42   14
   43   46
   44   42
   45   50
   46   64
   47   60
   48   60
   49   50
   50   46
   51   48
   52   38
   53   28
   54   50
   55   22
   56   40
   57   16
   58   30
   59   24
   60   34
   61   26
   62   18
   63   24
   64   14
   65   30
   66   20
   67   6
   68   0
   69   8
   70   8
   71   22
   72   2
   73   14
   74   62
   75   38
   76   28
   77   4
   78   20
   79   0
   80   -18
   81   2
   82   -22
   83   -26
   84   -34
   85   -14
   86   -26
   87   -46
   88   -30
   89   -32
   90   -24
   91   -28
   92   -38
   93   -24
   94   -26
   95   -26
