    1   38
    2   66
    3   172
    4   292
    5   182
    6   152
    7   24
    8   -48
    9   -52
   10   -58
   11   -96
   12   -58
   13   -90
   14   -142
   15   -152
   16   -148
   17   -186
   18   -134
   19   -182
   20   -222
   21   -196
   22   -226
   23   -238
   24   -246
   25   -264
   26   -260
   27   -258
   28   -292
   29   -266
   30   -288
   31   -266
   32   -268
   33   -228
   34   -196
   35   -180
   36   -122
   37   -62
   38   -40
   39   -12
   40   -30
   41   10
   42   56
   43   14
   44   48
   45   50
   46   40
   47   36
   48   40
   49   44
   50   14
   51   48
   52   70
   53   44
   54   46
   55   66
   56   56
   57   120
   58   94
   59   116
   60   130
   61   154
   62   162
   63   178
   64   186
   65   242
   66   198
   67   276
   68   186
   69   58
