    1   16
    2   96
    3   194
    4   212
    5   144
    6   16
    7   -96
    8   2
    9   40
   10   18
   11   48
   12   22
   13   -10
   14   -68
   15   -66
   16   -86
   17   -94
   18   -82
   19   -102
   20   -92
   21   -104
   22   -98
   23   -114
   24   -112
   25   -122
   26   -124
   27   -130
   28   -138
   29   -154
   30   -144
   31   -152
   32   -170
   33   -152
   34   -158
   35   -156
   36   -144
   37   -122
   38   -92
   39   -78
   40   -36
   41   -26
   42   14
   43   32
   44   40
   45   70
   46   84
   47   78
   48   82
   49   110
   50   86
   51   82
   52   80
   53   74
   54   90
   55   78
   56   88
   57   80
   58   90
   59   82
   60   88
   61   88
   62   86
   63   84
   64   82
   65   80
   66   74
   67   74
   68   70
   69   64
   70   66
   71   58
   72   52
   73   56
   74   54
   75   54
   76   56
   77   84
   78   92
   79   88
   80   62
   81   70
   82   58
   83   52
   84   28
   85   30
   86   34
   87   14
   88   24
   89   30
   90   26
   91   10
   92   12
   93   18
   94   20
   95   16
   96   10
   97   18
   98   18
   99   26
  100   60
