    1   66
    2   104
    3   116
    4   120
    5   112
    6   24
    7   -44
    8   -38
    9   -52
   10   -30
   11   -48
   12   -62
   13   -70
   14   -84
   15   -78
   16   -86
   17   -98
   18   -92
   19   -98
   20   -116
   21   -96
   22   -116
   23   -96
   24   -106
   25   -124
   26   -104
   27   -102
   28   -68
   29   -50
   30   -48
   31   -32
   32   12
   33   20
   34   46
   35   52
   36   64
   37   76
   38   92
   39   80
   40   96
   41   74
   42   66
   43   84
   44   74
   45   94
   46   30
   47   102
   48   76
   49   48
   50   52
   51   64
   52   76
   53   60
   54   72
   55   52
   56   68
   57   54
   58   48
   59   58
   60   48
   61   80
   62   48
   63   32
   64   36
   65   36
   66   74
   67   82
   68   106
   69   56
   70   42
   71   50
   72   38
   73   18
   74   66
   75   6
   76   8
   77   8
   78   26
   79   24
   80   4
   81   8
   82   10
   83   18
   84   6
   85   -4
   86   4
   87   18
   88   6
   89   54
   90   130
   91   192
   92   244
   93   156
   94   28
   95   -100
   96   12
