    1   120
    2   247
    3   126
    4   164
    5   36
    6   -22
    7   38
    8   58
    9   38
   10   4
   11   0
   12   -64
   13   -90
   14   -90
   15   -102
   16   -112
   17   -120
   18   -122
   19   -116
   20   -132
   21   -136
   22   -148
   23   -146
   24   -150
   25   -168
   26   -176
   27   -180
   28   -190
   29   -200
   30   -210
   31   -210
   32   -220
   33   -216
   34   -204
   35   -208
   36   -168
   37   -162
   38   -122
   39   -76
   40   -52
   41   -30
   42   2
   43   28
   44   40
   45   44
   46   58
   47   54
   48   50
   49   42
   50   46
   51   34
   52   36
   53   36
   54   40
   55   36
   56   38
   57   30
   58   40
   59   36
   60   40
   61   44
   62   40
   63   44
   64   38
   65   30
   66   48
   67   38
   68   40
   69   26
   70   36
   71   34
   72   26
   73   20
   74   32
   75   26
   76   32
   77   20
   78   30
   79   42
   80   44
   81   64
   82   70
   83   54
   84   34
   85   40
   86   28
   87   14
   88   6
   89   4
   90   14
   91   -2
   92   8
   93   6
   94   12
   95   -4
   96   8
   97   -4
   98   6
   99   4
  100   4
  101   -2
  102   6
  103   30
