    1   4
    2   44
    3   150
    4   277
    5   149
    6   102
    7   -26
    8   -70
    9   8
   10   28
   11   10
   12   -4
   13   18
   14   -56
   15   -64
   16   -80
   17   -86
   18   -100
   19   -92
   20   -96
   21   -104
   22   -108
   23   -114
   24   -118
   25   -136
   26   -132
   27   -140
   28   -132
   29   -162
   30   -160
   31   -152
   32   -160
   33   -162
   34   -146
   35   -122
   36   -108
   37   -90
   38   -38
   39   -24
   40   2
   41   30
   42   42
   43   72
   44   58
   45   72
   46   74
   47   78
   48   66
   49   68
   50   54
   51   52
   52   48
   53   46
   54   50
   55   46
   56   36
   57   40
   58   38
   59   42
   60   36
   61   30
   62   44
   63   28
   64   36
   65   24
   66   28
   67   28
   68   36
   69   16
   70   16
   71   22
   72   24
   73   2
   74   52
   75   50
   76   52
   77   54
   78   38
   79   26
   80   22
   81   6
   82   16
   83   2
   84   -2
   85   -14
   86   8
   87   10
   88   2
   89   -2
   90   -4
   91   -2
   92   8
   93   -18
   94   -6
   95   12
   96   -2
   97   6
