    1   114
    2   238
    3   116
    4   184
    5   56
    6   -46
    7   30
    8   56
    9   32
   10   20
   11   32
   12   -68
   13   -88
   14   -94
   15   -114
   16   -116
   17   -122
   18   -130
   19   -138
   20   -140
   21   -146
   22   -144
   23   -160
   24   -170
   25   -162
   26   -180
   27   -188
   28   -192
   29   -202
   30   -208
   31   -202
   32   -208
   33   -196
   34   -192
   35   -166
   36   -136
   37   -126
   38   -68
   39   -48
   40   -20
   41   20
   42   28
   43   54
   44   64
   45   80
   46   84
   47   76
   48   86
   49   74
   50   82
   51   76
   52   72
   53   88
   54   84
   55   84
   56   82
   57   94
   58   90
   59   84
   60   98
   61   88
   62   84
   63   70
   64   86
   65   90
   66   80
   67   68
   68   76
   69   82
   70   68
   71   72
   72   76
   73   52
   74   68
   75   66
   76   84
   77   94
   78   118
   79   106
   80   104
   81   84
   82   72
   83   68
   84   56
   85   64
   86   60
   87   52
   88   48
   89   60
   90   44
   91   60
   92   40
   93   58
   94   54
   95   52
   96   54
   97   58
   98   52
   99   76
  100   108
