    1   6
    2   66
    3   160
    4   282
    5   154
    6   26
    7   -102
    8   -30
    9   24
   10   24
   11   26
   12   16
   13   -6
   14   -74
   15   -76
   16   -70
   17   -98
   18   -92
   19   -114
   20   -92
   21   -90
   22   -128
   23   -118
   24   -136
   25   -134
   26   -148
   27   -144
   28   -146
   29   -164
   30   -170
   31   -158
   32   -164
   33   -190
   34   -118
   35   -162
   36   -126
   37   -112
   38   -84
   39   -12
   40   -48
   41   -10
   42   30
   43   50
   44   58
   45   64
   46   78
   47   74
   48   66
   49   66
   50   52
   51   68
   52   44
   53   44
   54   44
   55   48
   56   52
   57   22
   58   44
   59   36
   60   44
   61   22
   62   34
   63   50
   64   30
   65   24
   66   30
   67   18
   68   12
   69   16
   70   20
   71   4
   72   6
   73   12
   74   10
   75   20
   76   24
   77   70
   78   42
   79   34
   80   36
   81   14
   82   32
   83   -4
   84   2
   85   -18
   86   0
   87   -10
   88   28
   89   -34
   90   -8
   91   -8
   92   -2
   93   -32
   94   12
   95   -10
   96   -24
   97   8
   98   -18
   99   44
