    1   172
    2   299
    3   252
    4   256
    5   128
    6   54
    7   132
    8   164
    9   140
   10   170
   11   146
   12   24
   13   -20
   14   -32
   15   -58
   16   -76
   17   -70
   18   -78
   19   -94
   20   -108
   21   -106
   22   -114
   23   -134
   24   -134
   25   -142
   26   -126
   27   -138
   28   -162
   29   -164
   30   -174
   31   -198
   32   -218
   33   -176
   34   -208
   35   -178
   36   -174
   37   -156
   38   -106
   39   -96
   40   -62
   41   -36
   42   18
   43   26
   44   36
   45   72
   46   76
   47   74
   48   80
   49   80
   50   80
   51   70
   52   62
   53   78
   54   76
   55   66
   56   64
   57   70
   58   82
   59   72
   60   72
   61   70
   62   62
   63   48
   64   54
   65   62
   66   48
   67   52
   68   44
   69   42
   70   34
   71   44
   72   30
   73   34
   74   34
   75   22
   76   24
   77   16
   78   30
   79   20
   80   12
   81   30
   82   42
   83   40
   84   48
   85   82
   86   68
   87   44
   88   32
   89   12
   90   26
   91   -6
   92   18
   93   -2
   94   14
   95   6
   96   -10
   97   12
   98   4
   99   12
  100   8
  101   2
  102   10
  103   -4
  104   -8
  105   20
  106   22
