    1   12
    2   48
    3   142
    4   250
    5   122
    6   66
    7   -62
    8   0
    9   46
   10   28
   11   68
   12   8
   13   8
   14   -62
   15   -72
   16   -90
   17   -94
   18   -102
   19   -114
   20   -122
   21   -112
   22   -114
   23   -138
   24   -140
   25   -146
   26   -136
   27   -164
   28   -164
   29   -166
   30   -156
   31   -194
   32   -184
   33   -170
   34   -188
   35   -178
   36   -162
   37   -134
   38   -136
   39   -108
   40   -72
   41   -28
   42   -20
   43   12
   44   28
   45   48
   46   54
   47   54
   48   62
   49   58
   50   50
   51   44
   52   34
   53   42
   54   38
   55   24
   56   18
   57   34
   58   22
   59   30
   60   26
   61   26
   62   24
   63   16
   64   28
   65   12
   66   14
   67   4
   68   8
   69   16
   70   -4
   71   -2
   72   2
   73   -20
   74   -8
   75   -14
   76   -18
   77   -10
   78   -18
   79   -16
   80   -14
   81   -10
   82   -10
   83   16
   84   20
   85   16
   86   4
   87   -8
   88   -18
   89   -16
   90   -44
   91   -36
   92   -44
   93   -44
   94   -40
   95   -48
   96   -44
   97   -44
   98   -50
   99   -42
  100   -42
  101   -40
  102   -42
  103   -42
  104   -28
  105   -26
