    1   82
    2   188
    3   314
    4   208
    5   214
    6   86
    7   -42
    8   2
    9   86
   10   38
   11   52
   12   40
   13   32
   14   12
   15   -50
   16   -22
   17   -44
   18   -60
   19   -38
   20   -70
   21   -64
   22   -68
   23   -80
   24   -82
   25   -92
   26   -108
   27   -88
   28   -108
   29   -114
   30   -116
   31   -106
   32   -110
   33   -108
   34   -64
   35   -72
   36   -40
   37   -20
   38   10
   39   44
   40   58
   41   60
   42   82
   43   102
   44   98
   45   112
   46   124
   47   100
   48   104
   49   104
   50   112
   51   88
   52   112
   53   84
   54   94
   55   80
   56   84
   57   88
   58   86
   59   80
   60   66
   61   76
   62   86
   63   64
   64   70
   65   74
   66   56
   67   56
   68   48
   69   62
   70   46
   71   64
   72   86
   73   82
   74   90
   75   72
   76   56
   77   40
   78   44
   79   20
   80   22
   81   20
   82   20
   83   6
   84   18
   85   -6
   86   10
   87   -8
   88   6
   89   0
   90   -8
   91   -8
   92   -14
   93   20
