    1   78
    2   134
    3   64
    4   114
    5   68
    6   52
    7   -12
    8   -30
    9   -36
   10   -40
   11   -44
   12   -64
   13   -66
   14   -68
   15   -82
   16   -70
   17   -108
   18   -104
   19   -114
   20   -134
   21   -140
   22   -140
   23   -138
   24   -144
   25   -154
   26   -134
   27   -104
   28   -90
   29   -68
   30   -48
   31   -30
   32   10
   33   22
   34   34
   35   46
   36   66
   37   60
   38   76
   39   70
   40   62
   41   86
   42   50
   43   68
   44   46
   45   56
   46   52
   47   46
   48   50
   49   44
   50   38
   51   54
   52   38
   53   30
   54   32
   55   36
   56   50
   57   26
   58   18
   59   22
   60   28
   61   14
   62   20
   63   24
   64   52
   65   52
   66   64
   67   54
   68   38
   69   14
   70   28
   71   -12
   72   -12
   73   -14
   74   -24
   75   -4
   76   -2
   77   -18
   78   -22
   79   -4
   80   -8
   81   -26
   82   -20
   83   -18
   84   -2
   85   -26
   86   4
   87   46
   88   136
   89   263
   90   135
   91   112
   92   -16
   93   -46
   94   22
