    1   16
    2   44
    3   148
    4   250
    5   122
    6   68
    7   -60
    8   -72
    9   -6
   10   28
   11   -14
   12   -20
   13   -8
   14   -54
   15   -94
   16   -70
   17   -96
   18   -88
   19   -90
   20   -104
   21   -98
   22   -122
   23   -118
   24   -138
   25   -118
   26   -152
   27   -170
   28   -174
   29   -134
   30   -182
   31   -164
   32   -170
   33   -156
   34   -138
   35   -122
   36   -86
   37   -76
   38   -54
   39   -34
   40   28
   41   0
   42   40
   43   44
   44   50
   45   58
   46   70
   47   40
   48   68
   49   46
   50   56
   51   28
   52   40
   53   36
   54   20
   55   48
   56   20
   57   30
   58   26
   59   42
   60   14
   61   36
   62   26
   63   18
   64   24
   65   42
   66   -6
   67   32
   68   6
   69   10
   70   16
   71   10
   72   10
   73   10
   74   4
   75   16
   76   36
   77   52
   78   42
   79   78
   80   44
   81   24
   82   12
   83   16
   84   8
   85   -12
   86   -6
   87   -14
   88   -6
   89   -4
   90   6
   91   -22
   92   -36
   93   30
   94   -26
   95   4
   96   -12
   97   -2
   98   0
