    1   200
    2   318
    3   260
    4   254
    5   126
    6   6
    7   106
    8   140
    9   90
   10   112
   11   80
   12   40
   13   -30
   14   -40
   15   -48
   16   -50
   17   -76
   18   -70
   19   -82
   20   -84
   21   -94
   22   -108
   23   -110
   24   -104
   25   -118
   26   -132
   27   -148
   28   -144
   29   -162
   30   -180
   31   -172
   32   -180
   33   -186
   34   -192
   35   -176
   36   -150
   37   -128
   38   -110
   39   -76
   40   -40
   41   -14
   42   18
   43   24
   44   46
   45   60
   46   76
   47   66
   48   76
   49   58
   50   68
   51   48
   52   58
   53   44
   54   42
   55   48
   56   60
   57   40
   58   40
   59   38
   60   38
   61   44
   62   26
   63   36
   64   26
   65   30
   66   16
   67   26
   68   16
   69   14
   70   -4
   71   2
   72   4
   73   0
   74   -8
   75   -4
   76   -4
   77   -4
   78   -14
   79   -2
   80   8
   81   22
   82   32
   83   26
   84   30
   85   4
   86   0
   87   -14
   88   -24
   89   -26
   90   -38
   91   -48
   92   -32
   93   -28
   94   -44
   95   -40
   96   -38
   97   -26
   98   -46
   99   -30
  100   -36
  101   -28
  102   -38
  103   -22
