    1   6
    2   124
    3   222
    4   94
    5   96
    6   -32
    7   -116
    8   -30
    9   16
   10   -46
   11   -14
   12   -10
   13   -78
   14   -106
   15   -100
   16   -114
   17   -114
   18   -110
   19   -132
   20   -138
   21   -136
   22   -122
   23   -152
   24   -158
   25   -160
   26   -158
   27   -176
   28   -186
   29   -182
   30   -190
   31   -198
   32   -182
   33   -152
   34   -156
   35   -150
   36   -90
   37   -92
   38   -48
   39   -36
   40   -12
   41   30
   42   18
   43   46
   44   36
   45   54
   46   50
   47   22
   48   78
   49   14
   50   46
   51   36
   52   6
   53   40
   54   14
   55   34
   56   22
   57   30
   58   18
   59   24
   60   22
   61   30
   62   42
   63   8
   64   10
   65   38
   66   2
   67   22
   68   6
   69   6
   70   32
   71   -18
   72   14
   73   12
   74   12
   75   60
   76   28
   77   52
   78   64
   79   8
   80   18
   81   8
   82   -8
   83   -12
   84   -8
   85   -8
   86   -12
   87   18
   88   -10
   89   -20
   90   -6
   91   6
   92   -10
   93   0
   94   8
   95   6
   96   4
