    1   40
    2   106
    3   212
    4   339
    5   211
    6   136
    7   8
    8   -52
    9   75
   10   72
   11   58
   12   50
   13   62
   14   -8
   15   -32
   16   -64
   17   -56
   18   -64
   19   -70
   20   -76
   21   -86
   22   -86
   23   -98
   24   -124
   25   -104
   26   -126
   27   -126
   28   -134
   29   -144
   30   -156
   31   -134
   32   -152
   33   -148
   34   -130
   35   -122
   36   -112
   37   -82
   38   -60
   39   -18
   40   -14
   41   14
   42   24
   43   54
   44   40
   45   74
   46   72
   47   60
   48   64
   49   60
   50   58
   51   52
   52   38
   53   48
   54   36
   55   36
   56   40
   57   34
   58   44
   59   40
   60   36
   61   26
   62   26
   63   32
   64   12
   65   30
   66   14
   67   18
   68   0
   69   18
   70   -2
   71   4
   72   4
   73   28
   74   48
   75   38
   76   42
   77   24
   78   16
   79   4
   80   -20
   81   -16
   82   -26
   83   -14
   84   -38
   85   -32
   86   -20
   87   -42
   88   -24
   89   -44
   90   -30
   91   -40
   92   -44
   93   -38
   94   -40
   95   -44
   96   -28
