    1   70
    2   194
    3   321
    4   193
    5   74
    6   -54
    7   22
    8   80
    9   62
   10   74
   11   40
   12   24
   13   -50
   14   -80
   15   -74
   16   -98
   17   -72
   18   -82
   19   -62
   20   -90
   21   -102
   22   -122
   23   -142
   24   -150
   25   -174
   26   -166
   27   -182
   28   -202
   29   -216
   30   -224
   31   -244
   32   -222
   33   -240
   34   -238
   35   -234
   36   -228
   37   -208
   38   -184
   39   -156
   40   -134
   41   -88
   42   -52
   43   -28
   44   -8
   45   24
   46   30
   47   48
   48   50
   49   38
   50   44
   51   24
   52   28
   53   28
   54   32
   55   20
   56   30
   57   20
   58   32
   59   28
   60   42
   61   34
   62   38
   63   20
   64   18
   65   20
   66   8
   67   4
   68   0
   69   2
   70   -12
   71   -10
   72   -16
   73   -14
   74   -18
   75   -16
   76   -22
   77   -16
   78   -22
   79   -30
   80   -22
   81   -6
   82   6
   83   18
   84   32
   85   14
   86   6
   87   0
   88   -18
   89   -26
   90   -32
   91   -50
   92   -40
   93   -46
   94   -42
   95   -56
   96   -44
   97   -56
   98   -66
   99   -60
  100   -52
  101   -44
  102   -44
  103   -50
  104   -36
