    1   112
    2   224
    3   340
    4   220
    5   92
    6   -36
    7   -10
    8   24
    9   -16
   10   -2
   11   22
   12   -32
   13   -106
   14   -130
   15   -146
   16   -156
   17   -178
   18   -180
   19   -214
   20   -178
   21   -258
   22   -266
   23   -288
   24   -316
   25   -344
   26   -362
   27   -380
   28   -366
   29   -354
   30   -344
   31   -294
   32   -266
   33   -232
   34   -182
   35   -106
   36   -80
   37   -48
   38   -40
   39   0
   40   14
   41   28
   42   46
   43   32
   44   44
   45   16
   46   34
   47   4
   48   28
   49   12
   50   38
   51   -8
   52   46
   53   28
   54   68
   55   72
   56   128
   57   124
   58   140
   59   128
   60   112
   61   94
   62   80
   63   68
   64   70
   65   90
   66   62
   67   64
   68   58
   69   82
   70   50
   71   50
   72   34
   73   74
