    1   -20
    2   8
    3   64
    4   2
    5   -4
    6   -72
    7   -82
    8   -102
    9   -88
   10   -104
   11   -104
   12   -96
   13   -78
   14   -104
   15   -82
   16   -76
   17   -76
   18   -80
   19   -80
   20   -66
   21   -86
   22   -80
   23   -80
   24   -78
   25   -82
   26   -88
   27   -84
   28   -72
   29   -56
   30   -46
   31   -28
   32   2
   33   18
   34   28
   35   50
   36   68
   37   84
   38   66
   39   78
   40   80
   41   64
   42   70
   43   36
   44   50
   45   48
   46   28
   47   46
   48   26
   49   52
   50   62
   51   52
   52   76
   53   76
   54   74
   55   78
   56   90
   57   96
   58   92
   59   92
   60   106
   61   90
   62   86
   63   96
   64   96
   65   94
   66   88
   67   88
   68   84
   69   98
   70   134
   71   118
   72   140
   73   100
   74   84
   75   82
   76   64
   77   72
   78   62
   79   58
   80   56
   81   52
   82   62
   83   60
   84   50
   85   54
   86   60
   87   70
   88   52
   89   64
   90   58
   91   48
   92   70
   93   100
   94   190
   95   316
   96   314
   97   254
   98   126
   99   0
