    1   62
    2   126
    3   246
    4   118
    5   158
    6   30
    7   -98
    8   -24
    9   66
   10   14
   11   -8
   12   46
   13   -14
   14   -68
   15   -96
   16   -94
   17   -74
   18   -92
   19   -160
   20   -54
   21   -108
   22   -134
   23   -104
   24   -142
   25   -142
   26   -116
   27   -124
   28   -168
   29   -154
   30   -136
   31   -128
   32   -138
   33   -134
   34   -76
   35   -86
   36   -46
   37   -40
   38   6
   39   4
   40   52
   41   28
   42   82
   43   74
   44   96
   45   78
   46   96
   47   90
   48   72
   49   80
   50   74
   51   114
   52   50
   53   84
   54   58
   55   80
   56   98
   57   18
   58   145
   59   60
   60   50
   61   78
   62   76
   63   88
   64   66
   65   76
   66   50
   67   100
   68   46
   69   76
   70   54
   71   84
   72   68
   73   132
   74   76
   75   140
   76   92
   77   64
   78   72
   79   54
   80   76
   81   38
   82   30
   83   62
   84   20
   85   40
   86   54
   87   32
   88   42
   89   42
   90   78
   91   12
   92   42
   93   44
   94   54
