    1   114
    2   196
    3   318
    4   306
    5   276
    6   148
    7   28
    8   86
    9   110
   10   74
   11   94
   12   68
   13   44
   14   -4
   15   -2
   16   -20
   17   -28
   18   -46
   19   -26
   20   -56
   21   -56
   22   -62
   23   -72
   24   -70
   25   -82
   26   -100
   27   -100
   28   -104
   29   -124
   30   -118
   31   -132
   32   -124
   33   -156
   34   -134
   35   -144
   36   -128
   37   -120
   38   -92
   39   -74
   40   -28
   41   -12
   42   8
   43   52
   44   66
   45   68
   46   86
   47   92
   48   88
   49   90
   50   86
   51   78
   52   80
   53   72
   54   66
   55   68
   56   66
   57   60
   58   62
   59   68
   60   70
   61   60
   62   64
   63   64
   64   52
   65   66
   66   48
   67   58
   68   44
   69   46
   70   44
   71   36
   72   30
   73   38
   74   34
   75   40
   76   30
   77   50
   78   66
   79   76
   80   68
   81   66
   82   44
   83   44
   84   18
   85   18
   86   22
   87   32
   88   0
   89   8
   90   18
   91   10
   92   8
   93   6
   94   18
   95   6
   96   0
   97   6
   98   6
   99   -4
  100   22
  101   42
