    1   -8
    2   60
    3   152
    4   279
    5   151
    6   23
    7   -105
    8   -102
    9   -58
   10   -54
   11   -78
   12   -96
   13   -66
   14   -58
   15   -110
   16   -64
   17   -100
   18   -96
   19   -98
   20   -108
   21   -118
   22   -124
   23   -118
   24   -140
   25   -140
   26   -138
   27   -154
   28   -156
   29   -156
   30   -166
   31   -158
   32   -154
   33   -158
   34   -128
   35   -104
   36   -110
   37   -72
   38   -38
   39   -28
   40   6
   41   14
   42   32
   43   38
   44   54
   45   50
   46   58
   47   42
   48   62
   49   38
   50   34
   51   38
   52   26
   53   28
   54   20
   55   18
   56   22
   57   34
   58   14
   59   32
   60   18
   61   16
   62   42
   63   12
   64   26
   65   14
   66   14
   67   4
   68   8
   69   12
   70   -14
   71   0
   72   -6
   73   -10
   74   -2
   75   28
   76   46
   77   34
   78   22
   79   12
   80   4
   81   -12
   82   -4
   83   -32
   84   -34
   85   -32
   86   -28
   87   -24
   88   -32
   89   -40
   90   -38
   91   -26
   92   -38
   93   -26
   94   -32
   95   -36
   96   -40
   97   -18
