    1   -20
    2   -2
    3   100
    4   200
    5   184
    6   136
    7   8
    8   -120
    9   -22
   10   28
   11   -14
   12   20
   13   0
   14   -30
   15   -56
   16   -72
   17   -76
   18   -78
   19   -68
   20   -76
   21   -84
   22   -92
   23   -88
   24   -112
   25   -122
   26   -130
   27   -132
   28   -150
   29   -162
   30   -164
   31   -160
   32   -160
   33   -166
   34   -146
   35   -132
   36   -114
   37   -98
   38   -68
   39   -38
   40   -12
   41   0
   42   24
   43   46
   44   54
   45   58
   46   60
   47   66
   48   56
   49   60
   50   48
   51   56
   52   44
   53   32
   54   42
   55   38
   56   24
   57   34
   58   24
   59   34
   60   22
   61   18
   62   20
   63   22
   64   22
   65   20
   66   20
   67   26
   68   12
   69   6
   70   12
   71   12
   72   8
   73   8
   74   26
   75   42
   76   52
   77   42
   78   44
   79   34
   80   8
   81   0
   82   -6
   83   -20
   84   -20
   85   -16
   86   -16
   87   -18
   88   -4
   89   -12
   90   -10
   91   -26
   92   -10
   93   -22
   94   -18
   95   -14
   96   -14
   97   -14
