    1   24
    2   151
    3   264
    4   168
    5   182
    6   54
    7   -74
    8   36
    9   70
   10   12
   11   60
   12   62
   13   -10
   14   -68
   15   -42
   16   -72
   17   -54
   18   -80
   19   -78
   20   -84
   21   -78
   22   -78
   23   -92
   24   -110
   25   -118
   26   -118
   27   -116
   28   -114
   29   -126
   30   -136
   31   -118
   32   -106
   33   -110
   34   -90
   35   -70
   36   -46
   37   -30
   38   24
   39   24
   40   50
   41   72
   42   74
   43   92
   44   114
   45   120
   46   94
   47   124
   48   102
   49   106
   50   88
   51   96
   52   86
   53   94
   54   90
   55   90
   56   94
   57   92
   58   92
   59   94
   60   98
   61   90
   62   94
   63   90
   64   92
   65   96
   66   90
   67   76
   68   78
   69   86
   70   72
   71   86
   72   110
   73   110
   74   116
   75   118
   76   102
   77   78
   78   96
   79   62
   80   60
   81   60
   82   58
   83   40
   84   52
   85   70
   86   38
   87   58
   88   56
   89   42
   90   50
   91   44
   92   60
   93   36
   94   48
