    1   36
    2   68
    3   158
    4   285
    5   157
    6   128
    7   0
    8   40
    9   56
   10   56
   11   66
   12   16
   13   18
   14   -58
   15   -66
   16   -80
   17   -76
   18   -104
   19   -86
   20   -108
   21   -94
   22   -116
   23   -116
   24   -116
   25   -128
   26   -144
   27   -134
   28   -150
   29   -156
   30   -150
   31   -170
   32   -172
   33   -180
   34   -184
   35   -192
   36   -160
   37   -174
   38   -158
   39   -134
   40   -84
   41   -68
   42   -44
   43   -2
   44   10
   45   42
   46   40
   47   56
   48   64
   49   54
   50   62
   51   58
   52   44
   53   36
   54   32
   55   32
   56   38
   57   34
   58   26
   59   24
   60   38
   61   22
   62   32
   63   12
   64   38
   65   26
   66   22
   67   14
   68   26
   69   16
   70   12
   71   12
   72   12
   73   2
   74   -2
   75   14
   76   0
   77   -2
   78   0
   79   -10
   80   -10
   81   12
   82   2
   83   24
   84   50
   85   34
   86   32
   87   14
   88   14
   89   6
   90   -20
   91   -18
   92   -14
   93   -32
   94   -34
   95   -20
   96   -32
   97   -42
   98   -30
   99   -30
  100   -24
  101   -36
  102   -30
  103   -28
  104   -26
  105   -10
