    1   210
    2   328
    3   384
    4   354
    5   226
    6   98
    7   90
    8   146
    9   136
   10   160
   11   146
   12   34
   13   -50
   14   -62
   15   -66
   16   -124
   17   -112
   18   -92
   19   -160
   20   -160
   21   -200
   22   -200
   23   -228
   24   -252
   25   -264
   26   -328
   27   -300
   28   -306
   29   -288
   30   -260
   31   -212
   32   -192
   33   -120
   34   -10
   35   -12
   36   58
   37   52
   38   110
   39   98
   40   96
   41   74
   42   130
   43   154
   44   116
   45   108
   46   150
   47   130
   48   138
   49   122
   50   106
   51   134
   52   112
   53   148
   54   142
   55   96
   56   140
   57   122
   58   142
   59   124
   60   174
   61   124
   62   132
   63   134
   64   92
   65   48
   66   48
   67   58
   68   56
   69   16
   70   62
   71   -4
   72   32
   73   -18
   74   18
   75   26
   76   26
   77   22
   78   36
