    1   234
    2   334
    3   244
    4   116
    5   -12
    6   -38
    7   -8
    8   -68
    9   -34
   10   -36
   11   -64
   12   -140
   13   -144
   14   -144
   15   -168
   16   -144
   17   -170
   18   -176
   19   -180
   20   -222
   21   -240
   22   -236
   23   -252
   24   -274
   25   -274
   26   -288
   27   -274
   28   -254
   29   -232
   30   -196
   31   -160
   32   -114
   33   -58
   34   -26
   35   18
   36   50
   37   32
   38   66
   39   82
   40   84
   41   82
   42   70
   43   80
   44   64
   45   84
   46   62
   47   70
   48   78
   49   64
   50   68
   51   82
   52   94
   53   92
   54   108
   55   128
   56   156
   57   156
   58   180
   59   194
   60   162
   61   178
   62   154
   63   150
   64   144
   65   142
   66   156
   67   28
