    1   10
    2   76
    3   190
    4   296
    5   168
    6   40
    7   -88
    8   -108
    9   -44
   10   -42
   11   -62
   12   -64
   13   -42
   14   -32
   15   -72
   16   -92
   17   -48
   18   -86
   19   -88
   20   -86
   21   -74
   22   -116
   23   -96
   24   -114
   25   -120
   26   -110
   27   -96
   28   -152
   29   -148
   30   -148
   31   -136
   32   -140
   33   -106
   34   -118
   35   -70
   36   -48
   37   -38
   38   -12
   39   10
   40   50
   41   66
   42   62
   43   66
   44   96
   45   112
   46   96
   47   88
   48   100
   49   80
   50   70
   51   84
   52   82
   53   70
   54   70
   55   70
   56   74
   57   76
   58   66
   59   64
   60   82
   61   42
   62   64
   63   74
   64   48
   65   80
   66   62
   67   54
   68   22
   69   82
   70   26
   71   56
   72   24
   73   92
   74   74
   75   78
   76   56
   77   62
   78   50
   79   26
   80   4
   81   30
   82   4
   83   8
   84   -20
   85   4
   86   -6
   87   -16
   88   -16
   89   6
   90   -22
   91   -30
   92   -2
   93   -6
   94   -16
