    1   88
    2   210
    3   337
    4   209
    5   156
    6   28
    7   18
    8   90
    9   114
   10   86
   11   80
   12   68
   13   2
   14   -54
   15   -58
   16   -68
   17   -68
   18   -80
   19   -90
   20   -94
   21   -94
   22   -112
   23   -114
   24   -120
   25   -118
   26   -136
   27   -148
   28   -152
   29   -156
   30   -172
   31   -190
   32   -180
   33   -196
   34   -188
   35   -194
   36   -180
   37   -164
   38   -142
   39   -120
   40   -78
   41   -60
   42   -28
   43   0
   44   30
   45   32
   46   38
   47   56
   48   60
   49   52
   50   54
   51   50
   52   46
   53   42
   54   32
   55   42
   56   40
   57   34
   58   30
   59   36
   60   32
   61   24
   62   34
   63   28
   64   28
   65   20
   66   24
   67   22
   68   20
   69   16
   70   10
   71   20
   72   6
   73   4
   74   8
   75   10
   76   -8
   77   2
   78   -2
   79   10
   80   16
   81   36
   82   40
   83   40
   84   22
   85   6
   86   8
   87   -10
   88   -20
   89   -26
   90   -22
   91   -36
   92   -22
   93   -30
   94   -32
   95   -34
   96   -36
   97   -38
   98   -26
   99   -40
  100   -40
  101   -38
  102   -36
