    1   32
    2   70
    3   190
    4   317
    5   189
    6   166
    7   38
    8   -2
    9   70
   10   94
   11   62
   12   60
   13   50
   14   -16
   15   -52
   16   -62
   17   -78
   18   -86
   19   -90
   20   -88
   21   -94
   22   -112
   23   -106
   24   -116
   25   -120
   26   -130
   27   -130
   28   -154
   29   -156
   30   -162
   31   -164
   32   -172
   33   -180
   34   -172
   35   -172
   36   -164
   37   -152
   38   -124
   39   -98
   40   -76
   41   -50
   42   -16
   43   8
   44   22
   45   38
   46   58
   47   64
   48   62
   49   70
   50   62
   51   62
   52   48
   53   42
   54   42
   55   46
   56   40
   57   38
   58   30
   59   44
   60   32
   61   30
   62   34
   63   26
   64   24
   65   20
   66   24
   67   18
   68   16
   69   6
   70   12
   71   14
   72   4
   73   -4
   74   8
   75   2
   76   -8
   77   10
   78   30
   79   42
   80   40
   81   24
   82   14
   83   18
   84   -8
   85   -12
   86   -14
   87   -22
   88   -28
   89   -26
   90   -22
   91   -28
   92   -30
   93   -38
   94   -26
   95   -28
   96   -36
   97   -32
   98   -26
   99   -28
  100   -16
