    1   48
    2   138
    3   256
    4   284
    5   166
    6   38
    7   -90
    8   -32
    9   0
   10   -60
   11   -28
   12   -64
   13   -24
   14   -32
   15   -38
   16   -48
   17   -58
   18   -38
   19   -48
   20   -52
   21   -72
   22   -56
   23   -76
   24   -94
   25   -90
   26   -96
   27   -104
   28   -112
   29   -112
   30   -118
   31   -118
   32   -118
   33   -106
   34   -102
   35   -90
   36   -62
   37   -32
   38   -10
   39   24
   40   32
   41   72
   42   76
   43   88
   44   98
   45   112
   46   120
   47   106
   48   104
   49   100
   50   100
   51   86
   52   86
   53   88
   54   90
   55   74
   56   84
   57   84
   58   90
   59   80
   60   82
   61   84
   62   80
   63   78
   64   64
   65   76
   66   66
   67   56
   68   54
   69   46
   70   52
   71   44
   72   44
   73   46
   74   68
   75   70
   76   76
   77   56
   78   40
   79   32
   80   46
   81   30
   82   12
   83   6
   84   12
   85   10
   86   16
   87   4
   88   8
   89   8
   90   4
   91   6
   92   -4
   93   6
   94   2
   95   6
   96   10
