    1   50
    2   177
    3   304
    4   176
    5   150
    6   22
    7   76
    8   112
    9   106
   10   124
   11   102
   12   54
   13   -56
   14   -64
   15   -86
   16   -100
   17   -108
   18   -110
   19   -122
   20   -132
   21   -138
   22   -156
   23   -154
   24   -162
   25   -170
   26   -178
   27   -196
   28   -222
   29   -204
   30   -230
   31   -246
   32   -262
   33   -250
   34   -252
   35   -244
   36   -224
   37   -194
   38   -170
   39   -124
   40   -98
   41   -32
   42   -18
   43   12
   44   44
   45   56
   46   66
   47   76
   48   64
   49   86
   50   82
   51   58
   52   74
   53   72
   54   70
   55   58
   56   70
   57   70
   58   70
   59   52
   60   68
   61   56
   62   54
   63   52
   64   42
   65   40
   66   50
   67   32
   68   32
   69   30
   70   26
   71   34
   72   18
   73   22
   74   14
   75   14
   76   22
   77   12
   78   2
   79   20
   80   10
   81   12
   82   32
   83   50
   84   54
   85   76
   86   38
   87   26
   88   24
   89   4
   90   -6
   91   -4
   92   -2
   93   -10
   94   -2
   95   2
   96   -18
   97   -10
   98   -14
   99   -8
  100   -8
  101   4
  102   -12
  103   -12
  104   4
  105   10
  106   32
