    1   70
    2   197
    3   324
    4   206
    5   188
    6   60
    7   -68
    8   4
    9   92
   10   36
   11   20
   12   60
   13   -20
   14   -42
   15   -36
   16   -54
   17   -54
   18   -90
   19   -64
   20   -84
   21   -88
   22   -80
   23   -90
   24   -100
   25   -114
   26   -126
   27   -130
   28   -128
   29   -140
   30   -122
   31   -134
   32   -138
   33   -124
   34   -116
   35   -82
   36   -70
   37   -54
   38   -24
   39   4
   40   34
   41   44
   42   60
   43   82
   44   88
   45   100
   46   80
   47   96
   48   100
   49   68
   50   80
   51   78
   52   48
   53   66
   54   60
   55   64
   56   52
   57   64
   58   68
   59   56
   60   54
   61   68
   62   64
   63   34
   64   72
   65   36
   66   36
   67   52
   68   32
   69   34
   70   36
   71   20
   72   30
   73   18
   74   46
   75   54
   76   60
   77   40
   78   72
   79   20
   80   8
   81   10
   82   0
   83   0
   84   -14
   85   0
   86   -14
   87   12
   88   -26
   89   -26
   90   4
   91   -30
   92   -14
   93   -24
   94   -20
   95   -24
   96   -16
   97   4
