    1   56
    2   0
    3   18
    4   10
    5   -14
    6   10
    7   -96
    8   -14
    9   -72
   10   -102
   11   -44
   12   -70
   13   -100
   14   -46
   15   -114
   16   -90
   17   -118
   18   -116
   19   -108
   20   -94
   21   -134
   22   -140
   23   -136
   24   -130
   25   -128
   26   -150
   27   -196
   28   -69
   29   -197
   30   -78
   31   -72
   32   -58
   33   -40
   34   -24
   35   20
   36   10
   37   32
   38   48
   39   40
   40   86
   41   12
   42   44
   43   52
   44   52
   45   50
   46   26
   47   52
   48   54
   49   52
   50   38
   51   58
   52   30
   53   42
   54   44
   55   52
   56   28
   57   36
   58   52
   59   68
   60   84
   61   62
   62   28
   63   42
   64   26
   65   66
   66   36
   67   64
   68   80
   69   94
   70   96
   71   80
   72   48
   73   50
   74   32
   75   36
   76   36
   77   12
   78   26
   79   34
   80   24
   81   32
   82   36
   83   36
   84   52
   85   40
   86   40
   87   52
   88   50
   89   46
   90   60
   91   70
   92   100
   93   194
   94   300
   95   228
   96   228
   97   100
   98   36
