    1   194
    2   321
    3   282
    4   258
    5   130
    6   34
    7   114
    8   154
    9   124
   10   144
   11   136
   12   66
   13   26
   14   12
   15   -10
   16   -26
   17   -36
   18   -34
   19   -66
   20   -78
   21   -78
   22   -84
   23   -104
   24   -126
   25   -112
   26   -136
   27   -156
   28   -160
   29   -172
   30   -178
   31   -198
   32   -204
   33   -192
   34   -200
   35   -182
   36   -182
   37   -138
   38   -122
   39   -90
   40   -46
   41   -18
   42   16
   43   30
   44   56
   45   74
   46   62
   47   72
   48   76
   49   76
   50   52
   51   58
   52   44
   53   60
   54   50
   55   54
   56   46
   57   48
   58   52
   59   54
   60   50
   61   76
   62   68
   63   60
   64   54
   65   84
   66   50
   67   78
   68   54
   69   54
   70   58
   71   40
   72   52
   73   54
   74   60
   75   30
   76   36
   77   32
   78   32
   79   44
   80   46
   81   64
   82   62
   83   30
   84   50
   85   0
   86   8
   87   10
   88   2
   89   10
   90   6
   91   4
   92   28
   93   22
   94   -4
   95   6
   96   36
   97   4
   98   8
   99   18
  100   24
  101   12
  102   48
  103   46
