    1   168
    2   276
    3   316
    4   232
    5   104
    6   16
    7   88
    8   172
    9   128
   10   182
   11   146
   12   88
   13   -40
   14   -28
   15   -72
   16   -76
   17   -80
   18   -92
   19   -108
   20   -106
   21   -130
   22   -148
   23   -160
   24   -190
   25   -194
   26   -238
   27   -248
   28   -268
   29   -274
   30   -278
   31   -276
   32   -244
   33   -214
   34   -180
   35   -112
   36   -72
   37   -40
   38   10
   39   46
   40   64
   41   74
   42   96
   43   110
   44   106
   45   94
   46   110
   47   92
   48   96
   49   88
   50   98
   51   96
   52   102
   53   106
   54   106
   55   112
   56   114
   57   98
   58   108
   59   110
   60   106
   61   92
   62   104
   63   96
   64   90
   65   88
   66   82
   67   94
   68   74
   69   80
   70   76
   71   76
   72   74
   73   92
   74   112
   75   118
   76   116
   77   76
   78   84
   79   62
   80   62
   81   42
   82   52
   83   44
   84   34
   85   48
   86   46
   87   48
   88   32
   89   50
   90   38
   91   48
   92   40
   93   40
   94   46
   95   62
   96   72
