    1   -56
    2   -92
    3   -88
    4   -92
    5   -56
    6   -60
    7   -116
    8   -142
    9   -110
   10   -124
   11   -156
   12   -122
   13   -180
   14   -210
   15   -168
   16   -230
   17   -258
   18   -256
   19   -288
   20   -238
   21   -302
   22   -254
   23   -214
   24   -216
   25   -158
   26   -100
   27   -62
   28   12
   29   20
   30   18
   31   80
   32   42
   33   62
   34   78
   35   78
   36   64
   37   60
   38   80
   39   42
   40   62
   41   72
   42   58
   43   58
   44   72
   45   70
   46   88
   47   90
   48   112
   49   132
   50   142
   51   156
   52   170
   53   158
   54   138
   55   102
   56   82
   57   70
   58   90
   59   86
   60   54
   61   6
   62   50
   63   38
   64   60
   65   18
   66   26
   67   40
   68   56
   69   128
   70   210
   71   337
   72   234
   73   108
   74   -20
   75   -82
