    1   -8
    2   14
    3   126
    4   250
    5   122
    6   94
    7   -34
    8   -70
    9   2
   10   20
   11   26
   12   -16
   13   -8
   14   -48
   15   -84
   16   -94
   17   -82
   18   -106
   19   -110
   20   -108
   21   -116
   22   -110
   23   -132
   24   -120
   25   -136
   26   -142
   27   -142
   28   -156
   29   -166
   30   -176
   31   -190
   32   -190
   33   -190
   34   -214
   35   -218
   36   -198
   37   -186
   38   -176
   39   -148
   40   -112
   41   -84
   42   -64
   43   -20
   44   14
   45   24
   46   46
   47   48
   48   64
   49   62
   50   52
   51   56
   52   68
   53   48
   54   32
   55   48
   56   68
   57   50
   58   52
   59   54
   60   52
   61   62
   62   68
   63   54
   64   54
   65   68
   66   52
   67   52
   68   42
   69   50
   70   40
   71   34
   72   30
   73   30
   74   22
   75   24
   76   38
   77   28
   78   24
   79   32
   80   36
   81   46
   82   56
   83   68
   84   72
   85   52
   86   40
   87   42
   88   24
   89   14
   90   4
   91   6
   92   8
   93   -8
   94   10
   95   -4
   96   -4
   97   -4
   98   -10
   99   0
  100   -10
  101   -16
  102   -4
  103   4
  104   -6
  105   34
