    1   118
    2   206
    3   333
    4   238
    5   124
    6   -4
    7   -118
    8   -14
    9   -50
   10   -42
   11   -40
   12   -44
   13   -44
   14   -54
   15   -90
   16   -108
   17   -74
   18   -118
   19   -112
   20   -148
   21   -146
   22   -146
   23   -168
   24   -192
   25   -182
   26   -192
   27   -214
   28   -184
   29   -184
   30   -168
   31   -144
   32   -128
   33   -84
   34   -46
   35   -36
   36   -2
   37   20
   38   30
   39   32
   40   32
   41   26
   42   32
   43   32
   44   26
   45   26
   46   0
   47   12
   48   -4
   49   10
   50   4
   51   0
   52   26
   53   70
   54   64
   55   70
   56   60
   57   86
   58   106
   59   112
   60   132
   61   132
   62   96
   63   76
   64   40
   65   48
   66   36
   67   42
   68   36
   69   10
   70   6
   71   0
   72   12
   73   -8
   74   -24
   75   -16
