    1   161
    2   288
    3   234
    4   196
    5   68
    6   -60
    7   -44
    8   0
    9   -62
   10   -42
   11   -42
   12   -112
   13   -156
   14   -154
   15   -166
   16   -152
   17   -180
   18   -172
   19   -216
   20   -174
   21   -202
   22   -204
   23   -234
   24   -240
   25   -256
   26   -266
   27   -260
   28   -264
   29   -222
   30   -208
   31   -164
   32   -74
   33   -78
   34   -4
   35   14
   36   42
   37   64
   38   82
   39   84
   40   90
   41   92
   42   88
   43   84
   44   68
   45   66
   46   62
   47   54
   48   46
   49   48
   50   56
   51   68
   52   52
   53   100
   54   128
   55   128
   56   160
   57   166
   58   182
   59   178
   60   152
   61   122
   62   132
   63   160
   64   160
   65   156
   66   198
   67   90
