    1   70
    2   164
    3   220
    4   132
    5   4
    6   -100
    7   -4
    8   68
    9   28
   10   66
   11   36
   12   -26
   13   -80
   14   -106
   15   -128
   16   -112
   17   -130
   18   -134
   19   -142
   20   -136
   21   -152
   22   -160
   23   -166
   24   -172
   25   -192
   26   -190
   27   -214
   28   -200
   29   -208
   30   -224
   31   -230
   32   -220
   33   -232
   34   -226
   35   -222
   36   -210
   37   -188
   38   -158
   39   -140
   40   -102
   41   -66
   42   -44
   43   -24
   44   0
   45   20
   46   30
   47   24
   48   26
   49   36
   50   18
   51   22
   52   24
   53   38
   54   28
   55   14
   56   30
   57   28
   58   30
   59   16
   60   34
   61   34
   62   14
   63   14
   64   16
   65   10
   66   8
   67   -2
   68   10
   69   -24
   70   -34
   71   -12
   72   -34
   73   -16
   74   -36
   75   -44
   76   -30
   77   -18
   78   -38
   79   -10
   80   -42
   81   -64
   82   -32
   83   2
   84   4
   85   20
   86   22
   87   -14
   88   22
   89   -20
   90   -56
   91   -58
   92   -32
   93   6
   94   -38
   95   -54
   96   -28
   97   -42
   98   -34
   99   -74
  100   -48
  101   -10
  102   -24
  103   -76
  104   -22
  105   -42
