    1   84
    2   182
    3   294
    4   166
    5   84
    6   -44
    7   0
    8   60
    9   68
   10   68
   11   58
   12   24
   13   -2
   14   -20
   15   -40
   16   -32
   17   -44
   18   -42
   19   -56
   20   -50
   21   -80
   22   -94
   23   -68
   24   -100
   25   -104
   26   -132
   27   -134
   28   -134
   29   -156
   30   -166
   31   -180
   32   -164
   33   -176
   34   -172
   35   -160
   36   -100
   37   -116
   38   -54
   39   -48
   40   4
   41   36
   42   68
   43   92
   44   120
   45   98
   46   108
   47   136
   48   110
   49   114
   50   116
   51   102
   52   86
   53   102
   54   92
   55   98
   56   98
   57   84
   58   98
   59   118
   60   76
   61   92
   62   94
   63   86
   64   72
   65   94
   66   84
   67   82
   68   76
   69   78
   70   80
   71   58
   72   78
   73   70
   74   62
   75   64
   76   58
   77   56
   78   58
   79   58
   80   96
   81   66
   82   98
   83   68
   84   26
   85   44
   86   28
   87   16
   88   12
   89   18
   90   8
   91   10
   92   14
   93   14
   94   16
   95   8
   96   4
   97   32
   98   10
   99   16
  100   14
  101   18
  102   22
