    1   128
    2   255
    3   296
    4   230
    5   102
    6   -12
    7   78
    8   142
    9   108
   10   148
   11   116
   12   10
   13   -90
   14   -104
   15   -114
   16   -134
   17   -142
   18   -158
   19   -162
   20   -194
   21   -196
   22   -210
   23   -230
   24   -260
   25   -294
   26   -310
   27   -326
   28   -360
   29   -362
   30   -364
   31   -342
   32   -318
   33   -286
   34   -242
   35   -188
   36   -144
   37   -102
   38   -58
   39   -26
   40   6
   41   18
   42   28
   43   32
   44   42
   45   34
   46   34
   47   34
   48   24
   49   28
   50   28
   51   34
   52   34
   53   32
   54   38
   55   44
   56   32
   57   44
   58   38
   59   40
   60   36
   61   28
   62   26
   63   36
   64   16
   65   20
   66   18
   67   10
   68   18
   69   2
   70   8
   71   10
   72   14
   73   32
   74   48
   75   50
   76   52
   77   18
   78   16
   79   6
   80   -16
   81   -22
   82   -26
   83   -16
   84   -30
   85   -20
   86   -32
   87   -22
   88   -28
   89   -22
   90   -38
   91   -18
   92   -28
   93   -30
   94   -24
   95   -14
   96   30
