    1   30
    2   96
    3   210
    4   280
    5   210
    6   82
    7   -46
    8   -48
    9   -18
   10   -66
   11   -70
   12   -50
   13   -66
   14   -136
   15   -132
   16   -150
   17   -138
   18   -186
   19   -186
   20   -172
   21   -186
   22   -232
   23   -264
   24   -252
   25   -286
   26   -314
   27   -322
   28   -322
   29   -330
   30   -332
   31   -268
   32   -234
   33   -210
   34   -188
   35   -124
   36   -58
   37   -24
   38   12
   39   52
   40   74
   41   100
   42   98
   43   96
   44   106
   45   108
   46   96
   47   104
   48   100
   49   94
   50   88
   51   102
   52   66
   53   120
   54   110
   55   108
   56   108
   57   112
   58   132
   59   154
   60   136
   61   200
   62   190
   63   108
   64   -20
   65   -148
   66   -276
