    1   112
    2   206
    3   326
    4   248
    5   212
    6   84
    7   -44
    8   48
    9   72
   10   66
   11   54
   12   26
   13   90
   14   -38
   15   56
   16   -54
   17   -32
   18   -14
   19   -62
   20   -38
   21   -52
   22   -56
   23   -32
   24   -114
   25   -60
   26   -40
   27   -104
   28   -88
   29   -94
   30   -92
   31   -122
   32   -80
   33   -82
   34   -58
   35   -70
   36   -6
   37   -30
   38   60
   39   20
   40   52
   41   88
   42   80
   43   106
   44   90
   45   108
   46   128
   47   84
   48   132
   49   98
   50   100
   51   34
   52   152
   53   30
   54   146
   55   70
   56   106
   57   72
   58   76
   59   96
   60   100
   61   66
   62   74
   63   98
   64   22
   65   104
   66   34
   67   70
   68   40
   69   70
   70   42
   71   44
   72   42
   73   56
   74   64
   75   48
   76   38
   77   106
   78   8
   79   44
   80   -14
   81   10
   82   20
   83   -24
   84   -34
   85   4
   86   -36
   87   -24
   88   -48
   89   0
   90   -50
   91   12
   92   -58
   93   -24
   94   -38
   95   -36
