    1   -4
    2   84
    3   186
    4   114
    5   112
    6   -16
    7   -144
    8   -48
    9   2
   10   -46
   11   -24
   12   -34
   13   -44
   14   -106
   15   -88
   16   -104
   17   -130
   18   -116
   19   -112
   20   -136
   21   -100
   22   -156
   23   -146
   24   -134
   25   -152
   26   -170
   27   -190
   28   -152
   29   -190
   30   -190
   31   -196
   32   -176
   33   -172
   34   -166
   35   -134
   36   -102
   37   -94
   38   -60
   39   -22
   40   0
   41   46
   42   12
   43   52
   44   50
   45   68
   46   58
   47   58
   48   44
   49   48
   50   56
   51   20
   52   56
   53   36
   54   46
   55   20
   56   42
   57   36
   58   34
   59   40
   60   44
   61   28
   62   60
   63   8
   64   48
   65   14
   66   50
   67   26
   68   26
   69   32
   70   26
   71   42
   72   28
   73   30
   74   40
   75   66
   76   76
   77   80
   78   88
   79   52
   80   50
   81   36
   82   44
   83   12
   84   30
   85   30
   86   32
   87   2
   88   40
   89   10
   90   30
   91   16
   92   20
   93   18
   94   56
   95   26
   96   26
   97   56
