    1   84
    2   128
    3   226
    4   346
    5   228
    6   132
    7   4
    8   -14
    9   10
   10   -2
   11   4
   12   36
   13   -6
   14   -76
   15   -82
   16   -108
   17   -90
   18   -104
   19   -108
   20   -136
   21   -148
   22   -146
   23   -148
   24   -184
   25   -186
   26   -216
   27   -224
   28   -252
   29   -234
   30   -246
   31   -210
   32   -152
   33   -156
   34   -106
   35   -76
   36   -16
   37   -4
   38   58
   39   68
   40   90
   41   76
   42   128
   43   112
   44   104
   45   82
   46   98
   47   104
   48   78
   49   74
   50   76
   51   86
   52   66
   53   68
   54   66
   55   104
   56   100
   57   114
   58   136
   59   122
   60   144
   61   140
   62   126
   63   130
   64   102
   65   104
   66   60
   67   -68
