    1   -16
    2   96
    3   190
    4   192
    5   118
    6   -10
    7   -138
    8   -84
    9   -18
   10   -34
   11   -26
   12   -50
   13   -14
   14   -98
   15   -112
   16   -100
   17   -130
   18   -118
   19   -124
   20   -150
   21   -130
   22   -162
   23   -148
   24   -160
   25   -172
   26   -180
   27   -184
   28   -194
   29   -208
   30   -188
   31   -200
   32   -206
   33   -172
   34   -182
   35   -124
   36   -120
   37   -104
   38   -68
   39   -38
   40   -12
   41   0
   42   18
   43   18
   44   42
   45   32
   46   54
   47   30
   48   36
   49   30
   50   14
   51   32
   52   8
   53   0
   54   10
   55   -2
   56   2
   57   -8
   58   -8
   59   2
   60   -6
   61   -10
   62   -16
   63   -4
   64   -14
   65   -14
   66   -24
   67   -8
   68   -40
   69   -10
   70   -42
   71   0
   72   4
   73   8
   74   14
   75   26
   76   -10
   77   0
   78   -24
   79   -44
   80   -34
   81   -64
   82   -44
   83   -56
   84   -30
   85   -58
   86   -60
   87   -50
   88   -48
   89   -58
   90   -58
   91   -48
   92   -56
   93   -54
   94   -38
