    1   120
    2   234
    3   318
    4   216
    5   88
    6   -40
    7   80
    8   134
    9   90
   10   130
   11   100
   12   42
   13   -32
   14   -46
   15   -66
   16   -104
   17   -92
   18   -92
   19   -108
   20   -122
   21   -114
   22   -124
   23   -142
   24   -146
   25   -154
   26   -162
   27   -180
   28   -190
   29   -204
   30   -212
   31   -232
   32   -240
   33   -238
   34   -240
   35   -232
   36   -218
   37   -194
   38   -142
   39   -122
   40   -90
   41   -44
   42   -2
   43   10
   44   40
   45   52
   46   66
   47   64
   48   62
   49   68
   50   70
   51   56
   52   56
   53   54
   54   56
   55   50
   56   56
   57   56
   58   56
   59   52
   60   44
   61   54
   62   48
   63   54
   64   34
   65   44
   66   36
   67   30
   68   34
   69   32
   70   20
   71   12
   72   30
   73   16
   74   18
   75   18
   76   22
   77   14
   78   10
   79   14
   80   52
   81   54
   82   52
   83   50
   84   52
   85   34
   86   8
   87   8
   88   -12
   89   -12
   90   -14
   91   -20
   92   0
   93   -20
   94   -18
   95   -18
   96   -10
   97   -16
   98   -20
   99   -16
  100   -18
  101   -20
  102   -6
