    1   26
    2   36
    3   132
    4   246
    5   118
    6   4
    7   -124
    8   -66
    9   -2
   10   0
   11   -8
   12   -54
   13   4
   14   -70
   15   -86
   16   -94
   17   -90
   18   -112
   19   -108
   20   -104
   21   -104
   22   -122
   23   -138
   24   -108
   25   -140
   26   -126
   27   -152
   28   -154
   29   -170
   30   -144
   31   -178
   32   -150
   33   -132
   34   -144
   35   -136
   36   -136
   37   -34
   38   -50
   39   -36
   40   12
   41   -32
   42   86
   43   12
   44   88
   45   56
   46   64
   47   52
   48   48
   49   56
   50   26
   51   44
   52   50
   53   18
   54   46
   55   -2
   56   38
   57   20
   58   0
   59   60
   60   16
   61   18
   62   -2
   63   38
   64   14
   65   22
   66   4
   67   16
   68   4
   69   14
   70   18
   71   -4
   72   2
   73   20
   74   -18
   75   52
   76   40
   77   44
   78   58
   79   54
   80   34
   81   14
   82   20
   83   12
   84   -2
   85   10
   86   -10
   87   6
   88   20
   89   22
   90   -4
   91   -6
   92   22
   93   16
   94   6
   95   24
   96   14
   97   8
   98   34
