    1   16
    2   143
    3   264
    4   158
    5   172
    6   44
    7   -84
    8   2
    9   24
   10   -12
   11   -26
   12   20
   13   -40
   14   -60
   15   -88
   16   -104
   17   -58
   18   -102
   19   -108
   20   -100
   21   -116
   22   -120
   23   -114
   24   -128
   25   -142
   26   -152
   27   -162
   28   -142
   29   -158
   30   -164
   31   -178
   32   -164
   33   -152
   34   -124
   35   -110
   36   -94
   37   -64
   38   -36
   39   -8
   40   24
   41   48
   42   32
   43   60
   44   62
   45   42
   46   102
   47   52
   48   60
   49   48
   50   48
   51   60
   52   54
   53   40
   54   32
   55   22
   56   66
   57   26
   58   44
   59   24
   60   30
   61   32
   62   40
   63   26
   64   22
   65   22
   66   14
   67   16
   68   16
   69   0
   70   -2
   71   -4
   72   2
   73   -4
   74   10
   75   30
   76   40
   77   66
   78   8
   79   30
   80   8
   81   18
   82   -24
   83   -22
   84   -24
   85   -24
   86   -16
   87   -32
   88   -22
   89   -34
   90   -22
   91   -32
   92   -24
   93   -18
   94   -34
   95   -24
   96   -16
   97   -28
