    1   52
    2   130
    3   222
    4   190
    5   176
    6   48
    7   -80
    8   2
    9   70
   10   12
   11   42
   12   46
   13   6
   14   -46
   15   -50
   16   -64
   17   -68
   18   -78
   19   -62
   20   -88
   21   -100
   22   -96
   23   -108
   24   -90
   25   -124
   26   -116
   27   -128
   28   -122
   29   -144
   30   -132
   31   -138
   32   -124
   33   -122
   34   -84
   35   -72
   36   -54
   37   -10
   38   10
   39   24
   40   42
   41   80
   42   70
   43   100
   44   94
   45   98
   46   118
   47   96
   48   100
   49   90
   50   106
   51   84
   52   86
   53   98
   54   78
   55   82
   56   78
   57   100
   58   106
   59   72
   60   86
   61   94
   62   88
   63   98
   64   88
   65   84
   66   92
   67   78
   68   84
   69   82
   70   74
   71   90
   72   118
   73   138
   74   124
   75   116
   76   104
   77   98
   78   80
   79   64
   80   86
   81   74
   82   50
   83   74
   84   58
   85   58
   86   66
   87   40
   88   64
   89   58
   90   64
   91   48
   92   58
   93   64
   94   88
