    1   6
    2   90
    3   200
    4   290
    5   162
    6   42
    7   -86
    8   -6
    9   60
   10   44
   11   62
   12   34
   13   24
   14   -74
   15   -44
   16   -38
   17   -80
   18   -62
   19   -88
   20   -36
   21   -74
   22   -68
   23   -104
   24   -104
   25   -94
   26   -92
   27   -100
   28   -122
   29   -134
   30   -122
   31   -98
   32   -128
   33   -134
   34   -128
   35   -88
   36   -96
   37   -70
   38   -48
   39   -4
   40   8
   41   40
   42   54
   43   90
   44   122
   45   88
   46   114
   47   116
   48   120
   49   112
   50   118
   51   104
   52   102
   53   106
   54   96
   55   84
   56   82
   57   116
   58   62
   59   96
   60   70
   61   52
   62   80
   63   116
   64   62
   65   52
   66   74
   67   64
   68   46
   69   72
   70   60
   71   46
   72   72
   73   24
   74   60
   75   38
   76   40
   77   52
   78   76
   79   70
   80   90
   81   58
   82   94
   83   18
   84   46
   85   46
   86   26
   87   34
   88   8
   89   32
   90   10
   91   22
   92   34
   93   38
   94   18
   95   34
   96   20
   97   30
   98   36
   99   22
  100   40
