    1   50
    2   152
    3   268
    4   296
    5   184
    6   56
    7   -72
    8   10
    9   56
   10   4
   11   38
   12   -2
   13   26
   14   -36
   15   -32
   16   -48
   17   -52
   18   -62
   19   -70
   20   -76
   21   -90
   22   -90
   23   -98
   24   -92
   25   -126
   26   -130
   27   -126
   28   -140
   29   -144
   30   -156
   31   -148
   32   -160
   33   -148
   34   -140
   35   -122
   36   -106
   37   -94
   38   -58
   39   -10
   40   -32
   41   34
   42   22
   43   50
   44   56
   45   56
   46   66
   47   72
   48   66
   49   56
   50   56
   51   52
   52   50
   53   32
   54   42
   55   34
   56   30
   57   26
   58   38
   59   32
   60   28
   61   22
   62   28
   63   22
   64   20
   65   20
   66   12
   67   14
   68   -12
   69   32
   70   -4
   71   -4
   72   -14
   73   -6
   74   4
   75   22
   76   16
   77   26
   78   26
   79   20
   80   -4
   81   -24
   82   -16
   83   -34
   84   -40
   85   -54
   86   -28
   87   -40
   88   -48
   89   -44
   90   -42
   91   -46
   92   -48
   93   -40
   94   -38
   95   -38
   96   -46
   97   -42
