    1   28
    2   155
    3   282
    4   154
    5   138
    6   10
    7   -44
    8   6
    9   60
   10   14
   11   18
   12   32
   13   -8
   14   -70
   15   -52
   16   -50
   17   -66
   18   -76
   19   -60
   20   -82
   21   -86
   22   -84
   23   -112
   24   -100
   25   -118
   26   -102
   27   -116
   28   -118
   29   -148
   30   -128
   31   -132
   32   -132
   33   -150
   34   -106
   35   -122
   36   -92
   37   -54
   38   -34
   39   -26
   40   10
   41   48
   42   32
   43   80
   44   80
   45   84
   46   102
   47   102
   48   100
   49   88
   50   92
   51   110
   52   84
   53   66
   54   72
   55   106
   56   74
   57   84
   58   84
   59   84
   60   116
   61   54
   62   94
   63   68
   64   88
   65   56
   66   74
   67   76
   68   56
   69   80
   70   54
   71   46
   72   56
   73   38
   74   58
   75   80
   76   90
   77   88
   78   68
   79   58
   80   52
   81   44
   82   30
   83   40
   84   20
   85   16
   86   26
   87   20
   88   16
   89   26
   90   8
   91   -8
   92   30
   93   2
   94   14
   95   12
   96   10
   97   18
