    1   8
    2   90
    3   152
    4   226
    5   112
    6   -16
    7   -144
    8   -34
    9   2
   10   16
   11   26
   12   0
   13   -8
   14   -58
   15   -62
   16   -84
   17   -100
   18   -96
   19   -106
   20   -84
   21   -122
   22   -118
   23   -134
   24   -128
   25   -136
   26   -150
   27   -124
   28   -174
   29   -150
   30   -162
   31   -166
   32   -166
   33   -150
   34   -134
   35   -136
   36   -98
   37   -72
   38   -28
   39   -26
   40   16
   41   36
   42   36
   43   66
   44   74
   45   62
   46   74
   47   68
   48   46
   49   66
   50   36
   51   30
   52   58
   53   42
   54   54
   55   36
   56   40
   57   48
   58   54
   59   30
   60   46
   61   36
   62   50
   63   56
   64   62
   65   30
   66   42
   67   40
   68   40
   69   36
   70   38
   71   38
   72   68
   73   80
   74   78
   75   76
   76   44
   77   60
   78   40
   79   38
   80   40
   81   8
   82   40
   83   24
   84   24
   85   26
   86   24
   87   12
   88   24
   89   52
   90   6
   91   36
   92   10
   93   14
   94   34
