    1   88
    2   122
    3   246
    4   373
    5   334
    6   234
    7   106
    8   -22
    9   -48
   10   -44
   11   -72
   12   -60
   13   -68
   14   -98
   15   -114
   16   -152
   17   -148
   18   -160
   19   -166
   20   -178
   21   -196
   22   -254
   23   -250
   24   -308
   25   -306
   26   -336
   27   -336
   28   -302
   29   -296
   30   -250
   31   -220
   32   -162
   33   -80
   34   -72
   35   -30
   36   10
   37   14
   38   40
   39   32
   40   34
   41   10
   42   48
   43   34
   44   22
   45   26
   46   36
   47   26
   48   38
   49   52
   50   44
   51   38
   52   48
   53   84
   54   80
   55   76
   56   44
   57   36
   58   56
   59   40
   60   28
   61   50
   62   44
