    1   46
    2   98
    3   146
    4   128
    5   136
    6   120
    7   -8
    8   -28
    9   -12
   10   -82
   11   -52
   12   -40
   13   -68
   14   -90
   15   -80
   16   -40
   17   -28
   18   -124
   19   -92
   20   -124
   21   -56
   22   -56
   23   -116
   24   -78
   25   -126
   26   -148
   27   -184
   28   -152
   29   -162
   30   -132
   31   -100
   32   -70
   33   -42
   34   -20
   35   26
   36   54
   37   72
   38   88
   39   100
   40   76
   41   84
   42   70
   43   84
   44   52
   45   56
   46   62
   47   36
   48   84
   49   74
   50   58
   51   52
   52   74
   53   44
   54   90
   55   86
   56   188
   57   315
   58   424
   59   342
   60   214
