    1   60
    2   116
    3   224
    4   351
    5   260
    6   132
    7   4
    8   -38
    9   -16
   10   -22
   11   -32
   12   -4
   13   -24
   14   -102
   15   -54
   16   -130
   17   -120
   18   -118
   19   -140
   20   -150
   21   -168
   22   -178
   23   -192
   24   -218
   25   -216
   26   -232
   27   -220
   28   -226
   29   -200
   30   -202
   31   -130
   32   -108
   33   -100
   34   -54
   35   -16
   36   8
   37   14
   38   26
   39   22
   40   50
   41   46
   42   70
   43   86
   44   72
   45   72
   46   98
   47   54
   48   72
   49   96
   50   120
   51   132
   52   98
   53   96
   54   74
   55   94
   56   106
   57   104
   58   104
   59   96
   60   94
