    1   114
    2   200
    3   327
    4   412
    5   346
    6   218
    7   90
    8   2
    9   18
   10   -8
   11   10
   12   22
   13   12
   14   -50
   15   -44
   16   -72
   17   -56
   18   -102
   19   -132
   20   -112
   21   -138
   22   -236
   23   -214
   24   -236
   25   -244
   26   -294
   27   -198
   28   -230
   29   -204
   30   -158
   31   -106
   32   -96
   33   -32
   34   24
   35   56
   36   48
   37   86
   38   68
   39   100
   40   92
   41   100
   42   110
   43   104
   44   114
   45   106
   46   84
   47   96
   48   108
   49   88
   50   110
   51   110
   52   136
   53   136
   54   110
   55   138
   56   110
   57   126
   58   106
   59   112
   60   118
   61   98
   62   94
   63   84
   64   60
   65   54
   66   86
   67   82
   68   104
   69   58
   70   24
   71   54
   72   38
   73   64
   74   56
