    1   312
    2   326
    3   340
    4   366
    5   278
    6   150
    7   64
    8   6
    9   -8
   10   -28
   11   -30
   12   -48
   13   -58
   14   -70
   15   -70
   16   -80
   17   -80
   18   -94
   19   -86
   20   -106
   21   -106
   22   -124
   23   -124
   24   -112
   25   -122
   26   -106
   27   -94
   28   -72
   29   -42
   30   -10
   31   18
   32   60
   33   74
   34   90
   35   112
   36   120
   37   120
   38   130
   39   130
   40   124
   41   122
   42   110
   43   112
   44   108
   45   102
   46   98
   47   104
   48   98
   49   104
   50   110
   51   116
   52   114
   53   122
   54   136
   55   98
   56   106
   57   106
   58   104
   59   78
   60   60
   61   36
   62   44
   63   36
   64   30
   65   26
   66   22
   67   26
   68   16
   69   16
   70   16
   71   20
   72   12
   73   16
   74   12
   75   14
   76   6
   77   6
   78   12
   79   16
   80   6
   81   6
   82   16
   83   16
   84   16
   85   26
   86   36
   87   42
   88   38
   89   42
   90   62
   91   106
