    1   122
    2   126
    3   236
    4   363
    5   390
    6   354
    7   226
    8   98
    9   34
   10   76
   11   -4
   12   24
   13   4
   14   10
   15   -64
   16   -62
   17   -76
   18   -80
   19   -120
   20   -148
   21   -152
   22   -206
   23   -220
   24   -256
   25   -296
   26   -294
   27   -294
   28   -278
   29   -266
   30   -206
   31   -204
   32   -114
   33   -70
   34   -52
   35   2
   36   24
   37   38
   38   56
   39   50
   40   78
   41   62
   42   74
   43   74
   44   80
   45   120
   46   90
   47   96
   48   100
   49   90
   50   56
   51   78
   52   124
   53   128
   54   118
   55   72
   56   88
   57   72
   58   98
   59   100
   60   94
   61   100
   62   92
