    1   44
    2   162
    3   289
    4   258
    5   228
    6   100
    7   -28
    8   -56
    9   -24
   10   -72
   11   -82
   12   -76
   13   -56
   14   -110
   15   -132
   16   -122
   17   -130
   18   -180
   19   -180
   20   -214
   21   -232
   22   -250
   23   -266
   24   -266
   25   -268
   26   -256
   27   -226
   28   -216
   29   -208
   30   -152
   31   -82
   32   -92
   33   -64
   34   -16
   35   -16
   36   10
   37   10
   38   34
   39   -12
   40   34
   41   24
   42   10
   43   50
   44   18
   45   36
   46   28
   47   44
   48   58
   49   50
   50   52
   51   60
   52   50
   53   112
   54   92
   55   118
   56   74
   57   88
   58   56
   59   80
   60   78
   61   82
   62   66
