    1   154
    2   281
    3   206
    4   262
    5   134
    6   48
    7   106
    8   128
    9   84
   10   88
   11   104
   12   -4
   13   -20
   14   -24
   15   -42
   16   -38
   17   -40
   18   -38
   19   -58
   20   -108
   21   -122
   22   -168
   23   -186
   24   -200
   25   -210
   26   -234
   27   -244
   28   -242
   29   -252
   30   -268
   31   -258
   32   -246
   33   -246
   34   -214
   35   -208
   36   -168
   37   -124
   38   -94
   39   -70
   40   -28
   41   0
   42   22
   43   32
   44   56
   45   52
   46   60
   47   46
   48   48
   49   46
   50   32
   51   30
   52   42
   53   32
   54   20
   55   26
   56   28
   57   24
   58   26
   59   22
   60   14
   61   16
   62   6
   63   14
   64   8
   65   20
   66   28
   67   84
   68   190
   69   286
   70   188
   71   254
   72   126
   73   106
