    1   84
    2   124
    3   230
    4   357
    5   286
    6   158
    7   30
    8   -60
    9   -26
   10   -62
   11   -30
   12   -34
   13   -36
   14   -116
   15   -128
   16   -156
   17   -176
   18   -176
   19   -220
   20   -228
   21   -250
   22   -274
   23   -300
   24   -298
   25   -346
   26   -322
   27   -362
   28   -332
   29   -338
   30   -286
   31   -264
   32   -214
   33   -178
   34   -118
   35   -80
   36   -6
   37   22
   38   48
   39   84
   40   66
   41   86
   42   100
   43   92
   44   112
   45   86
   46   110
   47   100
   48   96
   49   100
   50   90
   51   88
   52   80
   53   72
   54   106
   55   92
   56   96
   57   106
   58   78
   59   104
   60   102
   61   96
   62   86
   63   94
   64   88
   65   96
   66   110
   67   56
   68   88
   69   108
   70   134
   71   100
   72   92
   73   68
   74   62
   75   44
   76   96
   77   78
