    1   100
    2   210
    3   314
    4   210
    5   242
    6   114
    7   -14
    8   56
    9   86
   10   16
   11   16
   12   38
   13   -6
   14   -72
   15   -68
   16   -102
   17   -80
   18   -96
   19   -102
   20   -134
   21   -104
   22   -126
   23   -134
   24   -148
   25   -162
   26   -158
   27   -180
   28   -168
   29   -170
   30   -162
   31   -156
   32   -134
   33   -130
   34   -66
   35   -68
   36   -60
   37   -16
   38   -2
   39   2
   40   20
   41   28
   42   28
   43   58
   44   26
   45   40
   46   24
   47   54
   48   6
   49   22
   50   18
   51   20
   52   18
   53   12
   54   20
   55   20
   56   -10
   57   40
   58   -2
   59   22
   60   0
   61   -10
   62   12
   63   4
   64   -8
   65   -4
   66   -6
   67   6
   68   2
   69   -16
   70   -14
   71   -4
   72   2
   73   -12
   74   -4
   75   -18
   76   -2
   77   -18
   78   -2
   79   -10
   80   -16
   81   0
   82   -22
   83   4
   84   -14
   85   -8
   86   0
   87   -14
   88   6
   89   -14
   90   0
   91   -8
   92   4
   93   -14
   94   -2
   95   14
   96   44
   97   44
   98   44
   99   44
  100   52
  101   12
  102   8
  103   -8
  104   -12
  105   -14
  106   -22
  107   2
  108   -8
  109   -18
  110   -24
  111   -2
  112   -24
  113   -6
  114   -10
  115   4
  116   -2
  117   22
