    1   88
    2   110
    3   237
    4   364
    5   302
    6   218
    7   90
    8   -34
    9   40
   10   6
   11   -28
   12   22
   13   -12
   14   -86
   15   -106
   16   -112
   17   -114
   18   -138
   19   -136
   20   -172
   21   -180
   22   -210
   23   -260
   24   -278
   25   -344
   26   -310
   27   -342
   28   -306
   29   -298
   30   -288
   31   -228
   32   -180
   33   -136
   34   -108
   35   -66
   36   -42
   37   18
   38   -24
   39   40
   40   24
   41   42
   42   36
   43   42
   44   58
   45   40
   46   50
   47   50
   48   70
   49   48
   50   62
   51   64
   52   62
   53   64
   54   92
   55   108
   56   122
   57   64
   58   66
   59   58
   60   66
   61   58
   62   52
   63   72
