    1   102
    2   222
    3   349
    4   344
    5   316
    6   188
    7   60
    8   -8
    9   -24
   10   -88
   11   -46
   12   -26
   13   -28
   14   -46
   15   -88
   16   -100
   17   -92
   18   -116
   19   -126
   20   -168
   21   -182
   22   -188
   23   -220
   24   -232
   25   -244
   26   -242
   27   -214
   28   -214
   29   -202
   30   -178
   31   -140
   32   -114
   33   -70
   34   -40
   35   -38
   36   16
   37   16
   38   22
   39   36
   40   38
   41   66
   42   64
   43   52
   44   54
   45   32
   46   60
   47   66
   48   62
   49   16
   50   36
   51   36
   52   54
   53   46
   54   64
   55   66
