    1   179
    2   192
    3   154
    4   180
    5   144
    6   16
    7   -88
    8   -86
    9   -116
   10   -130
   11   -154
   12   -144
   13   -154
   14   -184
   15   -176
   16   -188
   17   -214
   18   -234
   19   -226
   20   -258
   21   -274
   22   -254
   23   -264
   24   -242
   25   -200
   26   -176
   27   -136
   28   -78
   29   -40
   30   -12
   31   28
   32   62
   33   70
   34   72
   35   90
   36   74
   37   82
   38   70
   39   60
   40   66
   41   64
   42   46
   43   64
   44   42
   45   54
   46   40
   47   42
   48   44
   49   42
   50   28
   51   44
   52   24
   53   44
   54   18
   55   24
   56   34
   57   26
   58   26
   59   26
   60   22
   61   26
   62   16
   63   18
   64   22
   65   18
   66   18
   67   14
   68   24
   69   16
   70   16
   71   24
   72   18
   73   16
   74   16
   75   12
   76   14
   77   8
   78   14
   79   18
   80   18
   81   10
   82   12
   83   16
   84   18
   85   14
   86   20
   87   20
   88   18
   89   14
   90   6
   91   20
   92   14
   93   12
   94   18
   95   20
   96   18
   97   -2
   98   24
   99   12
  100   10
  101   4
  102   18
  103   10
  104   8
  105   8
  106   12
  107   12
  108   4
  109   22
  110   8
  111   24
  112   0
  113   14
  114   18
  115   8
  116   14
  117   14
  118   18
  119   16
  120   26
  121   44
  122   66
  123   52
  124   56
  125   52
  126   38
  127   8
  128   14
  129   -12
  130   16
  131   -4
  132   8
  133   -14
  134   12
  135   -2
  136   -10
  137   4
  138   14
  139   6
  140   6
  141   20
