    1   58
    2   86
    3   148
    4   275
    5   338
    6   278
    7   150
    8   22
    9   -34
   10   -12
   11   -82
   12   -46
   13   -74
   14   -38
   15   -146
   16   -136
   17   -160
   18   -154
   19   -194
   20   -198
   21   -238
   22   -268
   23   -242
   24   -278
   25   -290
   26   -320
   27   -344
   28   -328
   29   -328
   30   -324
   31   -288
   32   -238
   33   -190
   34   -138
   35   -96
   36   -32
   37   10
   38   20
   39   38
   40   56
   41   60
   42   52
   43   70
   44   56
   45   64
   46   68
   47   54
   48   66
   49   58
   50   40
   51   52
   52   52
   53   58
   54   14
   55   90
   56   58
   57   48
   58   68
   59   70
   60   46
   61   98
   62   110
   63   20
   64   -108
   65   -236
   66   -364
