    1   20
    2   118
    3   245
    4   160
    5   158
    6   30
    7   -98
    8   -100
    9   -78
   10   -122
   11   -102
   12   -116
   13   -146
   14   -178
   15   -190
   16   -178
   17   -194
   18   -188
   19   -224
   20   -202
   21   -228
   22   -244
   23   -268
   24   -260
   25   -308
   26   -304
   27   -286
   28   -270
   29   -260
   30   -246
   31   -218
   32   -190
   33   -124
   34   -160
   35   -76
   36   -8
   37   -42
   38   34
   39   4
   40   34
   41   22
   42   60
   43   -4
   44   34
   45   48
   46   34
   47   42
   48   52
   49   52
   50   78
   51   72
   52   136
   53   110
   54   142
   55   152
   56   196
   57   162
   58   44
   59   171
   60   90
   61   50
   62   -78
   63   -206
   64   -334
