    1   236
    2   236
    3   178
    4   194
    5   146
    6   18
    7   -36
    8   -60
    9   -70
   10   -102
   11   -92
   12   -108
   13   -110
   14   -116
   15   -126
   16   -132
   17   -130
   18   -150
   19   -140
   20   -150
   21   -152
   22   -162
   23   -154
   24   -152
   25   -152
   26   -130
   27   -122
   28   -96
   29   -72
   30   -38
   31   -16
   32   20
   33   36
   34   64
   35   72
   36   94
   37   104
   38   92
   39   96
   40   88
   41   88
   42   72
   43   76
   44   72
   45   74
   46   60
   47   64
   48   60
   49   58
   50   50
   51   62
   52   50
   53   48
   54   36
   55   40
   56   42
   57   34
   58   28
   59   38
   60   32
   61   26
   62   24
   63   10
   64   36
   65   16
   66   18
   67   8
   68   26
   69   14
   70   20
   71   18
   72   14
   73   20
   74   22
   75   40
   76   70
   77   68
   78   58
   79   54
   80   30
   81   24
   82   24
   83   6
   84   12
   85   6
   86   -6
   87   6
   88   -8
   89   -2
   90   0
   91   0
   92   -6
   93   -2
   94   -2
   95   -14
   96   -2
   97   18
   98   30
