    1   150
    2   138
    3   120
    4   150
    5   22
    6   -94
    7   -112
    8   -124
    9   -142
   10   -146
   11   -168
   12   -170
   13   -164
   14   -174
   15   -190
   16   -198
   17   -192
   18   -204
   19   -214
   20   -220
   21   -222
   22   -220
   23   -226
   24   -230
   25   -210
   26   -210
   27   -194
   28   -168
   29   -132
   30   -110
   31   -74
   32   -48
   33   -26
   34   0
   35   14
   36   24
   37   36
   38   38
   39   26
   40   48
   41   56
   42   58
   43   38
   44   38
   45   20
   46   -2
   47   -22
   48   -24
   49   -30
   50   -32
   51   -38
   52   -36
   53   -40
   54   -44
   55   -40
   56   -48
   57   -34
   58   -38
   59   -52
   60   -58
   61   -42
   62   -46
   63   -58
   64   -54
   65   -40
   66   -54
   67   -32
