    1   50
    2   36
    3   152
    4   279
    5   272
    6   250
    7   122
    8   -6
    9   -34
   10   -10
   11   -64
   12   -56
   13   -50
   14   -92
   15   -142
   16   -134
   17   -164
   18   -172
   19   -214
   20   -210
   21   -214
   22   -264
   23   -270
   24   -284
   25   -328
   26   -314
   27   -302
   28   -302
   29   -262
   30   -232
   31   -198
   32   -148
   33   -88
   34   -42
   35   -2
   36   24
   37   46
   38   68
   39   80
   40   106
   41   112
   42   122
   43   116
   44   122
   45   140
   46   132
   47   126
   48   128
   49   114
   50   122
   51   128
   52   72
   53   118
   54   128
   55   122
   56   108
   57   80
   58   84
   59   112
   60   118
   61   122
   62   90
   63   90
   64   102
   65   132
   66   120
   67   116
