    1   142
    2   126
    3   140
    4   168
    5   40
    6   -22
    7   -20
    8   -54
    9   -108
   10   -116
   11   -120
   12   -134
   13   -146
   14   -148
   15   -146
   16   -172
   17   -138
   18   -164
   19   -162
   20   -146
   21   -188
   22   -182
   23   -160
   24   -178
   25   -164
   26   -124
   27   -118
   28   -86
   29   -84
   30   -24
   31   -4
   32   8
   33   54
   34   60
   35   60
   36   54
   37   40
   38   72
   39   18
   40   36
   41   28
   42   22
   43   20
   44   16
   45   20
   46   26
   47   12
   48   32
   49   16
   50   22
   51   44
   52   26
   53   54
   54   64
   55   48
   56   22
   57   54
   58   54
   59   30
   60   20
   61   -8
   62   -10
   63   -24
   64   -18
   65   -38
   66   -10
   67   -38
   68   -34
   69   -32
   70   -36
   71   -40
   72   -46
   73   -34
   74   -34
   75   -44
   76   -50
   77   -26
   78   -30
   79   -36
   80   -26
   81   -30
   82   -22
   83   -12
   84   -22
   85   -10
   86   18
   87   24
   88   18
   89   30
   90   72
   91   92
