    1   38
    2   86
    3   213
    4   340
    5   268
    6   162
    7   34
    8   -18
    9   -28
   10   -32
   11   -84
   12   -20
   13   -64
   14   -126
   15   -158
   16   -176
   17   -188
   18   -174
   19   -178
   20   -194
   21   -232
   22   -240
   23   -220
   24   -264
   25   -246
   26   -278
   27   -306
   28   -276
   29   -236
   30   -206
   31   -180
   32   -134
   33   -78
   34   -30
   35   4
   36   42
   37   56
   38   74
   39   82
   40   116
   41   102
   42   112
   43   116
   44   90
   45   102
   46   84
   47   78
   48   78
   49   72
   50   74
   51   76
   52   74
   53   86
   54   84
   55   100
   56   92
   57   104
   58   106
   59   138
   60   140
   61   148
   62   194
   63   190
   64   192
   65   154
   66   130
   67   100
   68   64
   69   88
   70   94
   71   76
   72   50
   73   42
   74   18
   75   48
   76   40
   77   -12
   78   60
