    1   216
    2   228
    3   126
    4   190
    5   100
    6   -28
    7   -66
    8   -104
    9   -84
   10   -116
   11   -116
   12   -142
   13   -138
   14   -138
   15   -156
   16   -182
   17   -174
   18   -178
   19   -188
   20   -198
   21   -206
   22   -212
   23   -202
   24   -182
   25   -162
   26   -102
   27   -100
   28   -42
   29   8
   30   46
   31   56
   32   92
   33   114
   34   126
   35   110
   36   134
   37   126
   38   118
   39   128
   40   120
   41   122
   42   112
   43   110
   44   116
   45   120
   46   110
   47   114
   48   106
   49   122
   50   102
   51   104
   52   108
   53   104
   54   112
   55   98
   56   104
   57   108
   58   94
   59   90
   60   106
   61   94
   62   100
   63   86
   64   100
   65   98
   66   128
   67   126
   68   142
   69   126
   70   128
   71   94
   72   86
   73   80
   74   86
   75   56
   76   66
   77   74
   78   76
   79   52
   80   62
   81   64
   82   68
   83   60
   84   78
   85   56
   86   56
   87   62
   88   66
   89   86
   90   100
