    1   155
    2   214
    3   176
    4   208
    5   224
    6   96
    7   -32
    8   -96
    9   -120
   10   -128
   11   -144
   12   -148
   13   -162
   14   -166
   15   -164
   16   -168
   17   -164
   18   -172
   19   -172
   20   -186
   21   -188
   22   -198
   23   -178
   24   -202
   25   -186
   26   -172
   27   -158
   28   -124
   29   -96
   30   -60
   31   -28
   32   12
   33   18
   34   46
   35   24
   36   40
   37   50
   38   68
   39   56
   40   34
   41   58
   42   38
   43   60
   44   46
   45   62
   46   60
   47   74
   48   62
   49   76
   50   108
   51   88
   52   128
   53   94
   54   86
   55   68
   56   102
   57   112
   58   94
   59   74
   60   56
   61   38
   62   64
   63   34
   64   60
   65   24
   66   80
   67   84
   68   204
   69   331
   70   274
   71   230
   72   102
