    1   108
    2   160
    3   287
    4   224
    5   148
    6   20
    7   -64
    8   -8
    9   -106
   10   -122
   11   -84
   12   -86
   13   -146
   14   -150
   15   -158
   16   -156
   17   -142
   18   -172
   19   -182
   20   -204
   21   -192
   22   -228
   23   -230
   24   -300
   25   -296
   26   -298
   27   -266
   28   -318
   29   -230
   30   -180
   31   -214
   32   -92
   33   -82
   34   -74
   35   -2
   36   6
   37   -4
   38   10
   39   62
   40   46
   41   12
   42   66
   43   42
   44   38
   45   54
   46   68
   47   74
   48   66
   49   88
   50   96
   51   92
   52   110
   53   134
   54   110
   55   110
   56   136
   57   118
   58   130
   59   108
   60   114
   61   70
   62   116
   63   134
   64   68
   65   108
   66   86
   67   118
   68   48
   69   118
   70   72
   71   106
   72   66
   73   92
   74   70
   75   102
   76   70
   77   88
   78   88
   79   88
   80   88
   81   94
   82   98
   83   70
   84   90
   85   134
   86   110
   87   136
   88   110
   89   98
   90   116
   91   66
   92   76
   93   88
   94   60
   95   68
   96   44
   97   92
   98   86
   99   72
  100   64
  101   -6
  102   80
  103   64
  104   74
