    1   32
    2   -28
    3   -16
    4   -46
    5   -52
    6   -2
    7   -130
    8   -114
    9   -126
   10   -128
   11   -148
   12   -172
   13   -166
   14   -194
   15   -184
   16   -212
   17   -238
   18   -208
   19   -242
   20   -230
   21   -228
   22   -162
   23   -148
   24   -132
   25   -66
   26   -48
   27   -16
   28   12
   29   4
   30   38
   31   30
   32   54
   33   20
   34   40
   35   80
   36   44
   37   52
   38   58
   39   72
   40   76
   41   84
   42   80
   43   76
   44   70
   45   94
   46   86
   47   92
   48   48
   49   74
   50   90
   51   66
   52   68
   53   44
   54   62
   55   44
   56   28
   57   30
   58   42
   59   54
   60   42
   61   40
   62   68
   63   82
   64   78
   65   90
   66   108
   67   92
   68   44
   69   52
   70   48
   71   52
   72   60
   73   60
   74   60
   75   12
   76   52
   77   50
   78   56
   79   96
   80   204
   81   286
   82   320
   83   270
   84   142
   85   14
