    1   162
    2   140
    3   118
    4   164
    5   80
    6   -48
    7   -110
    8   -114
    9   -152
   10   -152
   11   -160
   12   -166
   13   -188
   14   -190
   15   -206
   16   -210
   17   -214
   18   -224
   19   -226
   20   -238
   21   -248
   22   -248
   23   -244
   24   -244
   25   -220
   26   -218
   27   -196
   28   -158
   29   -118
   30   -90
   31   -44
   32   -18
   33   -2
   34   30
   35   36
   36   54
   37   40
   38   50
   39   46
   40   36
   41   20
   42   22
   43   10
   44   24
   45   4
   46   12
   47   0
   48   12
   49   -6
   50   -2
   51   -8
   52   0
   53   -26
   54   -28
   55   -14
   56   -26
   57   -32
   58   -24
   59   -22
   60   -34
   61   -26
   62   -50
   63   -36
   64   -40
   65   -50
   66   -18
   67   -12
   68   4
   69   8
   70   -8
   71   -14
   72   -42
   73   -54
   74   -46
   75   -64
   76   -82
   77   -58
   78   -60
   79   -64
   80   -72
   81   -76
   82   -64
   83   -76
   84   -74
   85   -60
   86   -80
   87   -66
   88   -64
   89   -68
   90   -34
   91   -14
