    1   96
    2   80
    3   207
    4   334
    5   252
    6   124
    7   -4
    8   68
    9   48
   10   2
   11   -20
   12   -44
   13   -6
   14   -96
   15   -78
   16   -92
   17   -112
   18   -118
   19   -134
   20   -164
   21   -182
   22   -218
   23   -236
   24   -266
   25   -300
   26   -308
   27   -300
   28   -304
   29   -296
   30   -248
   31   -206
   32   -160
   33   -120
   34   -64
   35   -26
   36   -26
   37   26
   38   44
   39   58
   40   16
   41   42
   42   20
   43   34
   44   26
   45   28
   46   18
   47   46
   48   20
   49   56
   50   50
   51   54
   52   50
   53   14
   54   54
   55   24
   56   50
   57   32
   58   10
   59   16
   60   48
   61   20
   62   14
   63   18
   64   16
   65   42
   66   6
   67   20
   68   12
   69   -8
   70   4
   71   8
   72   -22
   73   10
   74   6
   75   8
   76   -4
   77   -34
   78   42
   79   6
   80   6
   81   -2
   82   22
   83   14
   84   14
   85   46
   86   20
   87   52
   88   50
   89   24
   90   36
   91   30
   92   40
   93   22
   94   18
   95   40
   96   68
