    1   16
    2   126
    3   238
    4   134
    5   36
    6   -92
    7   16
    8   60
    9   44
   10   54
   11   20
   12   -14
   13   -104
   14   -112
   15   -132
   16   -138
   17   -148
   18   -144
   19   -148
   20   -160
   21   -166
   22   -172
   23   -190
   24   -196
   25   -192
   26   -196
   27   -202
   28   -212
   29   -218
   30   -234
   31   -240
   32   -222
   33   -196
   34   -180
   35   -142
   36   -128
   37   -106
   38   -112
   39   -102
   40   -72
   41   -36
   42   -12
   43   -8
   44   6
   45   16
   46   20
   47   14
   48   12
   49   8
   50   2
   51   -8
   52   -8
   53   -14
   54   -2
   55   -14
   56   -16
   57   -10
   58   -12
   59   -4
   60   -4
   61   0
   62   22
   63   82
   64   198
   65   324
   66   210
   67   228
   68   100
   69   100
