    1   104
    2   222
    3   238
    4   240
    5   274
    6   210
    7   82
    8   -46
    9   -82
   10   -94
   11   -122
   12   -118
   13   -120
   14   -110
   15   -144
   16   -126
   17   -128
   18   -142
   19   -146
   20   -156
   21   -182
   22   -170
   23   -168
   24   -174
   25   -162
   26   -162
   27   -142
   28   -134
   29   -92
   30   -80
   31   -40
   32   -22
   33   -10
   34   60
   35   34
   36   74
   37   86
   38   62
   39   132
   40   36
   41   104
   42   52
   43   72
   44   54
   45   26
   46   76
   47   38
   48   54
   49   30
   50   54
   51   26
   52   52
   53   30
   54   24
   55   28
   56   34
   57   22
   58   18
   59   26
   60   10
   61   16
   62   14
   63   22
   64   18
   65   8
   66   14
   67   22
   68   4
   69   -2
   70   16
   71   2
   72   -2
   73   -8
   74   2
   75   6
   76   24
   77   16
   78   70
   79   22
   80   38
   81   16
   82   16
   83   10
   84   -8
   85   -4
   86   14
   87   -4
   88   8
   89   6
   90   -12
   91   -18
   92   6
   93   -10
   94   -8
   95   6
   96   -12
   97   -20
   98   -8
   99   12
  100   18
  101   132
  102   234
  103   212
  104   196
  105   68
  106   -8
