    1   -46
    2   -144
    3   -246
    4   -119
    5   -126
    6   -90
    7   -166
    8   -162
    9   -156
   10   -184
   11   -216
   12   -216
   13   -236
   14   -264
   15   -288
   16   -316
   17   -320
   18   -294
   19   -292
   20   -256
   21   -234
   22   -186
   23   -194
   24   -122
   25   -60
   26   -46
   27   -16
   28   -20
   29   34
   30   26
   31   26
   32   -4
   33   8
   34   28
   35   10
   36   14
   37   2
   38   22
   39   22
   40   20
   41   28
   42   2
   43   -8
   44   4
   45   -8
   46   32
   47   24
   48   22
