    1   4
    2   116
    3   243
    4   124
    5   212
    6   84
    7   -44
    8   12
    9   22
   10   -14
   11   -6
   12   32
   13   -68
   14   -116
   15   -116
   16   -116
   17   -120
   18   -134
   19   -146
   20   -134
   21   -134
   22   -150
   23   -150
   24   -158
   25   -174
   26   -166
   27   -186
   28   -188
   29   -186
   30   -174
   31   -184
   32   -154
   33   -148
   34   -136
   35   -92
   36   -74
   37   -54
   38   -34
   39   -16
   40   16
   41   12
   42   20
   43   24
   44   44
   45   28
   46   24
   47   22
   48   24
   49   16
   50   18
   51   12
   52   18
   53   12
   54   24
   55   12
   56   12
   57   16
   58   6
   59   6
   60   10
   61   4
   62   -4
   63   0
   64   10
   65   -4
   66   -8
   67   8
   68   -2
   69   -12
   70   -6
   71   -12
   72   -4
   73   -14
   74   -10
   75   -8
   76   -10
   77   -2
   78   -8
   79   -14
   80   8
   81   -18
   82   -2
   83   8
   84   -18
   85   6
   86   -6
   87   10
   88   22
   89   4
   90   0
   91   8
   92   32
   93   46
   94   48
   95   62
   96   58
   97   56
   98   34
   99   22
  100   18
  101   16
  102   -6
  103   0
  104   4
  105   6
  106   2
  107   0
  108   20
  109   8
  110   4
  111   -14
  112   26
  113   20
  114   14
