    1   114
    2   216
    3   343
    4   230
    5   108
    6   -20
    7   -58
    8   -82
    9   -72
   10   -104
   11   -98
   12   -58
   13   -56
   14   -112
   15   -98
   16   -100
   17   -102
   18   -78
   19   -116
   20   -136
   21   -116
   22   -162
   23   -192
   24   -210
   25   -222
   26   -198
   27   -230
   28   -228
   29   -228
   30   -180
   31   -172
   32   -120
   33   -112
   34   -46
   35   -42
   36   -28
   37   28
   38   20
   39   -12
   40   36
   41   26
   42   34
   43   28
   44   48
   45   36
   46   52
   47   68
   48   62
   49   74
   50   70
   51   72
   52   106
   53   144
   54   112
   55   98
   56   130
   57   80
   58   102
   59   122
   60   102
   61   100
   62   100
