    1   175
    2   302
    3   358
    4   332
    5   204
    6   76
    7   28
    8   16
    9   -12
   10   18
   11   20
   12   0
   13   -62
   14   -52
   15   -58
   16   -68
   17   -76
   18   -8
   19   -100
   20   -48
   21   -92
   22   -126
   23   -130
   24   -162
   25   -148
   26   -174
   27   -166
   28   -174
   29   -142
   30   -124
   31   -108
   32   -74
   33   -68
   34   6
   35   16
   36   54
   37   64
   38   72
   39   84
   40   90
   41   116
   42   102
   43   92
   44   108
   45   80
   46   92
   47   92
   48   106
   49   110
   50   110
   51   72
   52   94
   53   106
   54   124
   55   144
   56   150
   57   88
   58   98
   59   84
   60   96
   61   80
   62   72
   63   86
