    1   104
    2   168
    3   260
    4   387
    5   430
    6   378
    7   250
    8   122
    9   178
   10   198
   11   134
   12   136
   13   132
   14   24
   15   -18
   16   -56
   17   -78
   18   -102
   19   -116
   20   -116
   21   -136
   22   -140
   23   -130
   24   -144
   25   -162
   26   -180
   27   -168
   28   -176
   29   -192
   30   -194
   31   -192
   32   -188
   33   -202
   34   -174
   35   -152
   36   -116
   37   -102
   38   -68
   39   -30
   40   -10
   41   18
   42   44
   43   66
   44   68
   45   70
   46   68
   47   82
   48   82
   49   76
   50   80
   51   64
   52   60
   53   46
   54   76
   55   66
   56   52
   57   80
   58   82
   59   86
   60   102
   61   58
   62   114
   63   86
   64   86
   65   108
   66   86
   67   100
   68   90
   69   92
   70   74
   71   90
   72   80
   73   100
   74   110
   75   112
   76   78
   77   110
   78   84
   79   82
   80   60
   81   58
   82   68
   83   46
   84   48
   85   50
   86   48
   87   46
   88   46
   89   42
   90   68
   91   46
   92   66
   93   48
   94   70
   95   56
