    1   76
    2   110
    3   184
    4   304
    5   296
    6   216
    7   88
    8   -40
    9   -72
   10   -58
   11   -118
   12   -116
   13   -88
   14   -110
   15   -150
   16   -138
   17   -162
   18   -174
   19   -210
   20   -216
   21   -226
   22   -288
   23   -292
   24   -334
   25   -342
   26   -360
   27   -354
   28   -344
   29   -322
   30   -296
   31   -280
   32   -214
   33   -154
   34   -128
   35   -72
   36   -44
   37   -36
   38   -28
   39   -12
   40   10
   41   -6
   42   34
   43   42
   44   26
   45   -6
   46   36
   47   -36
   48   2
   49   4
   50   22
   51   12
   52   4
   53   -6
   54   6
   55   42
   56   82
   57   56
   58   40
   59   16
   60   42
   61   52
   62   80
   63   28
   64   88
