    1   128
    2   255
    3   324
    4   266
    5   138
    6   10
    7   98
    8   140
    9   126
   10   148
   11   120
   12   64
   13   -16
   14   -54
   15   -50
   16   -66
   17   -76
   18   -84
   19   -96
   20   -104
   21   -114
   22   -112
   23   -118
   24   -130
   25   -138
   26   -142
   27   -154
   28   -166
   29   -176
   30   -178
   31   -190
   32   -194
   33   -194
   34   -184
   35   -172
   36   -160
   37   -140
   38   -108
   39   -66
   40   -42
   41   -16
   42   12
   43   38
   44   40
   45   70
   46   64
   47   70
   48   60
   49   54
   50   58
   51   52
   52   42
   53   38
   54   46
   55   44
   56   36
   57   36
   58   36
   59   26
   60   24
   61   14
   62   36
   63   14
   64   6
   65   6
   66   8
   67   6
   68   -8
   69   -2
   70   -2
   71   -4
   72   -14
   73   -6
   74   -6
   75   -10
   76   -20
   77   -12
   78   -8
   79   -4
   80   -16
   81   -18
   82   6
   83   -16
   84   -18
   85   -10
   86   -2
   87   -18
   88   -12
   89   -18
   90   12
   91   0
   92   12
   93   34
   94   26
   95   10
   96   8
   97   22
   98   -14
   99   -26
  100   -26
  101   -16
  102   -34
  103   -14
  104   -30
  105   -18
  106   -32
  107   -28
  108   -18
  109   -14
  110   -20
  111   -18
  112   -18
  113   -6
  114   4
