    1   -132
    2   -94
    3   -124
    4   -114
    5   -66
    6   -130
    7   -118
    8   -158
    9   -144
   10   -170
   11   -168
   12   -190
   13   -198
   14   -206
   15   -238
   16   -240
   17   -258
   18   -292
   19   -252
   20   -232
   21   -270
   22   -216
   23   -148
   24   -156
   25   -88
   26   -52
   27   12
   28   56
   29   78
   30   94
   31   88
   32   88
   33   144
   34   124
   35   144
   36   126
   37   140
   38   134
   39   130
   40   150
   41   142
   42   126
   43   146
   44   160
   45   154
   46   162
   47   156
   48   174
   49   182
   50   178
   51   190
   52   194
   53   210
   54   202
   55   152
   56   134
   57   128
   58   102
   59   104
   60   108
   61   102
   62   90
   63   96
   64   86
   65   86
   66   90
   67   86
   68   92
   69   102
   70   160
   71   278
   72   392
   73   292
   74   164
   75   36
   76   -44
