    1   134
    2   144
    3   228
    4   355
    5   250
    6   210
    7   82
    8   -10
    9   10
   10   -20
   11   -44
   12   -28
   13   -40
   14   -22
   15   -124
   16   -86
   17   -132
   18   -148
   19   -150
   20   -166
   21   -184
   22   -196
   23   -220
   24   -232
   25   -288
   26   -254
   27   -260
   28   -258
   29   -242
   30   -230
   31   -212
   32   -160
   33   -110
   34   -46
   35   -38
   36   4
   37   44
   38   82
   39   86
   40   90
   41   94
   42   88
   43   114
   44   88
   45   104
   46   108
   47   118
   48   92
   49   90
   50   98
   51   72
   52   42
   53   116
   54   132
   55   118
   56   112
   57   82
   58   76
   59   78
   60   74
   61   94
   62   92
   63   82
