    1   100
    2   152
    3   246
    4   368
    5   318
    6   190
    7   62
    8   -34
    9   0
   10   -32
   11   -34
   12   -26
   13   -26
   14   -68
   15   -76
   16   -106
   17   -106
   18   -118
   19   -114
   20   -146
   21   -152
   22   -168
   23   -202
   24   -226
   25   -208
   26   -220
   27   -218
   28   -226
   29   -192
   30   -132
   31   -120
   32   -86
   33   -62
   34   -2
   35   14
   36   32
   37   56
   38   40
   39   70
   40   98
   41   86
   42   100
   43   126
   44   102
   45   136
   46   112
   47   116
   48   154
   49   180
   50   162
   51   136
   52   140
   53   120
   54   176
   55   176
   56   192
   57   176
