    1   152
    2   110
    3   116
    4   150
    5   22
    6   -106
    7   -116
    8   -152
    9   -158
   10   -148
   11   -168
   12   -182
   13   -184
   14   -190
   15   -198
   16   -212
   17   -204
   18   -228
   19   -200
   20   -238
   21   -226
   22   -224
   23   -218
   24   -222
   25   -202
   26   -176
   27   -164
   28   -130
   29   -96
   30   -68
   31   -32
   32   -28
   33   0
   34   24
   35   28
   36   36
   37   34
   38   36
   39   28
   40   22
   41   20
   42   10
   43   14
   44   2
   45   2
   46   10
   47   0
   48   0
   49   -4
   50   -6
   51   -6
   52   -6
   53   4
   54   -4
   55   -26
   56   -14
   57   -22
   58   -10
   59   -24
   60   -38
   61   -20
   62   -28
   63   -38
   64   -34
   65   -38
   66   -34
   67   -34
   68   -48
   69   -38
   70   -28
   71   -42
   72   -48
   73   -36
   74   -38
   75   -38
   76   -44
   77   -36
   78   -30
   79   -34
   80   -36
   81   -40
   82   -18
   83   -46
   84   -36
   85   -28
   86   -42
   87   -28
   88   -46
   89   -38
   90   -46
   91   -40
   92   -46
   93   -34
   94   -38
   95   -50
   96   -38
   97   -32
   98   -42
   99   -36
  100   -38
  101   -30
  102   -34
  103   -38
  104   -32
  105   -32
  106   -20
  107   -36
  108   -36
  109   -22
  110   -30
  111   -38
  112   -26
  113   -26
  114   -34
  115   -28
  116   -34
  117   -28
  118   -28
  119   -38
  120   -34
  121   -30
  122   -38
  123   -26
  124   -26
  125   -28
  126   -24
  127   -24
  128   -6
  129   4
  130   22
  131   26
  132   34
  133   8
  134   -18
  135   -38
  136   -32
  137   -34
  138   -46
  139   -52
  140   -48
  141   -38
  142   -38
  143   -52
  144   -52
  145   -44
  146   -48
  147   -54
  148   -38
  149   -42
  150   -40
  151   -22
  152   10
