    1   74
    2   84
    3   211
    4   338
    5   286
    6   184
    7   56
    8   -72
    9   -38
   10   -26
   11   -62
   12   -40
   13   -52
   14   -90
   15   -122
   16   -150
   17   -182
   18   -158
   19   -206
   20   -158
   21   -244
   22   -244
   23   -246
   24   -244
   25   -272
   26   -262
   27   -270
   28   -224
   29   -206
   30   -192
   31   -136
   32   -98
   33   -76
   34   4
   35   12
   36   36
   37   18
   38   98
   39   70
   40   96
   41   98
   42   104
   43   108
   44   88
   45   100
   46   96
   47   80
   48   90
   49   98
   50   100
   51   96
   52   110
   53   102
   54   106
   55   126
   56   130
   57   130
   58   158
   59   90
   60   102
   61   86
   62   102
   63   104
   64   92
