    1   194
    2   220
    3   156
    4   216
    5   144
    6   16
    7   -54
    8   -84
    9   -106
   10   -112
   11   -136
   12   -146
   13   -148
   14   -162
   15   -166
   16   -172
   17   -198
   18   -202
   19   -202
   20   -230
   21   -242
   22   -254
   23   -248
   24   -236
   25   -228
   26   -216
   27   -162
   28   -128
   29   -90
   30   -30
   31   6
   32   34
   33   48
   34   62
   35   88
   36   88
   37   70
   38   78
   39   88
   40   58
   41   58
   42   58
   43   80
   44   56
   45   48
   46   64
   47   58
   48   48
   49   50
   50   54
   51   44
   52   62
   53   24
   54   38
   55   44
   56   34
   57   28
   58   38
   59   24
   60   18
   61   20
   62   32
   63   14
   64   20
   65   26
   66   64
   67   78
   68   64
   69   60
   70   54
   71   46
   72   12
   73   14
   74   8
   75   8
   76   -8
   77   16
   78   -2
   79   10
   80   -2
   81   10
   82   4
   83   6
   84   10
   85   0
   86   12
   87   -8
   88   20
