    1   162
    2   289
    3   328
    4   308
    5   180
    6   52
    7   -30
    8   -12
    9   -44
   10   -14
   11   -42
   12   -34
   13   -130
   14   -120
   15   -120
   16   -144
   17   -172
   18   -144
   19   -160
   20   -200
   21   -238
   22   -238
   23   -260
   24   -284
   25   -280
   26   -290
   27   -290
   28   -260
   29   -262
   30   -236
   31   -184
   32   -154
   33   -126
   34   -98
   35   -44
   36   -54
   37   -6
   38   -12
   39   -8
   40   12
   41   8
   42   26
   43   42
   44   4
   45   42
   46   50
   47   24
   48   60
   49   48
   50   56
   51   64
   52   78
   53   64
   54   54
   55   36
   56   74
   57   36
   58   34
   59   28
   60   8
   61   32
   62   14
   63   24
   64   46
   65   48
