    1   -84
    2   -128
    3   -120
    4   -72
    5   -128
    6   -96
    7   -62
    8   -64
    9   2
   10   4
   11   -44
   12   38
   13   -42
   14   20
   15   -16
   16   -6
   17   -22
   18   -2
   19   2
   20   -30
   21   -14
   22   40
   23   22
   24   48
   25   34
   26   80
   27   70
   28   122
   29   118
   30   86
   31   156
   32   140
   33   128
   34   140
   35   138
   36   160
   37   134
   38   152
   39   150
   40   158
   41   130
   42   148
   43   128
   44   148
   45   174
   46   138
   47   132
   48   138
   49   120
   50   160
   51   138
   52   124
   53   68
   54   88
   55   78
   56   90
   57   58
   58   86
   59   94
