    1   30
    2   46
    3   156
    4   283
    5   250
    6   258
    7   130
    8   2
    9   -26
   10   -42
   11   -54
   12   -16
   13   -36
   14   -126
   15   -154
   16   -154
   17   -176
   18   -192
   19   -224
   20   -200
   21   -222
   22   -250
   23   -270
   24   -290
   25   -312
   26   -308
   27   -330
   28   -328
   29   -304
   30   -274
   31   -248
   32   -200
   33   -160
   34   -100
   35   -68
   36   -24
   37   2
   38   32
   39   62
   40   66
   41   84
   42   76
   43   94
   44   66
   45   72
   46   92
   47   30
   48   44
   49   46
   50   44
   51   46
   52   48
   53   72
   54   68
