    1   92
    2   114
    3   241
    4   358
    5   230
    6   102
    7   -26
    8   -62
    9   -40
   10   -40
   11   -70
   12   -54
   13   -54
   14   -86
   15   -210
   16   -136
   17   -214
   18   -216
   19   -196
   20   -202
   21   -290
   22   -286
   23   -296
   24   -316
   25   -306
   26   -298
   27   -304
   28   -328
   29   -256
   30   -276
   31   -208
   32   -140
   33   -158
   34   -36
   35   -48
   36   -14
   37   -24
   38   84
   39   40
   40   64
   41   94
   42   52
   43   106
   44   80
   45   60
   46   98
   47   66
   48   96
   49   56
   50   98
   51   120
   52   120
   53   86
   54   100
   55   154
   56   136
   57   120
   58   138
   59   118
   60   88
   61   96
   62   82
   63   120
   64   72
   65   78
   66   80
   67   52
   68   92
   69   64
   70   50
   71   32
   72   72
   73   74
   74   84
   75   34
   76   28
   77   20
   78   36
   79   48
