    1   144
    2   271
    3   300
    4   296
    5   168
    6   40
    7   110
    8   132
    9   78
   10   88
   11   96
   12   28
   13   -48
   14   -18
   15   -74
   16   -48
   17   -56
   18   -110
   19   -66
   20   -100
   21   -70
   22   -114
   23   -76
   24   -130
   25   -140
   26   -108
   27   -120
   28   -136
   29   -136
   30   -114
   31   -134
   32   -116
   33   -116
   34   -98
   35   -68
   36   -52
   37   -14
   38   -2
   39   36
   40   14
   41   72
   42   82
   43   86
   44   92
   45   114
   46   94
   47   82
   48   112
   49   62
   50   124
   51   64
   52   96
   53   98
   54   86
   55   82
   56   88
   57   80
   58   76
   59   98
   60   54
   61   80
   62   84
   63   78
   64   62
   65   76
   66   40
   67   86
   68   52
   69   54
   70   50
   71   40
   72   50
   73   56
   74   56
   75   28
   76   54
   77   36
   78   82
   79   14
   80   54
   81   28
   82   58
   83   40
   84   38
   85   38
   86   24
   87   58
   88   32
   89   40
   90   24
   91   34
   92   48
   93   48
   94   40
   95   14
   96   56
   97   92
   98   66
   99   72
  100   72
  101   34
  102   62
  103   12
  104   20
  105   8
  106   4
  107   0
  108   22
  109   16
  110   -10
  111   -26
  112   40
  113   -14
  114   -8
  115   8
  116   -8
  117   4
  118   2
  119   20
