    1   54
    2   112
    3   239
    4   310
    5   206
    6   82
    7   -46
    8   38
    9   86
   10   80
   11   62
   12   70
   13   44
   14   -40
   15   -32
   16   -48
   17   -10
   18   -100
   19   -98
   20   -62
   21   -74
   22   -104
   23   -38
   24   -118
   25   -70
   26   -150
   27   -150
   28   -138
   29   -142
   30   -152
   31   -144
   32   -142
   33   -116
   34   -100
   35   -78
   36   -60
   37   -28
   38   -10
   39   8
   40   10
   41   38
   42   48
   43   56
   44   56
   45   46
   46   66
   47   58
   48   44
   49   48
   50   52
   51   60
   52   48
   53   72
   54   4
   55   50
   56   36
   57   66
   58   28
   59   52
   60   32
   61   44
   62   22
   63   34
   64   20
   65   36
   66   12
   67   20
   68   10
   69   36
   70   4
   71   18
   72   38
   73   -2
   74   14
   75   18
   76   2
   77   8
   78   8
   79   14
   80   -8
   81   0
   82   6
   83   -10
   84   6
   85   2
   86   0
   87   10
   88   0
   89   18
   90   46
   91   46
   92   62
   93   66
   94   44
   95   22
   96   -8
   97   6
   98   -12
   99   -4
  100   -22
  101   -12
  102   4
  103   -24
  104   -10
  105   8
  106   -6
  107   20
  108   -10
  109   2
  110   -8
  111   52
  112   12
