    1   74
    2   50
    3   138
    4   236
    5   310
    6   224
    7   96
    8   -26
    9   16
   10   -34
   11   -30
   12   -36
   13   -16
   14   -12
   15   -104
   16   -84
   17   -106
   18   -124
   19   -156
   20   -166
   21   -148
   22   -158
   23   -204
   24   -244
   25   -208
   26   -252
   27   -218
   28   -184
   29   -198
   30   -162
   31   -114
   32   -80
   33   -48
   34   10
   35   44
   36   66
   37   78
   38   110
   39   114
   40   118
   41   126
   42   124
   43   116
   44   124
   45   118
   46   132
   47   94
   48   78
   49   88
   50   130
   51   144
   52   132
   53   72
   54   104
   55   72
   56   132
   57   106
   58   96
   59   122
