    1   102
    2   202
    3   328
    4   276
    5   282
    6   154
    7   26
    8   -38
    9   -10
   10   -74
   11   -88
   12   -76
   13   -78
   14   -126
   15   -126
   16   -164
   17   -154
   18   -152
   19   -198
   20   -196
   21   -234
   22   -254
   23   -300
   24   -284
   25   -314
   26   -316
   27   -282
   28   -264
   29   -220
   30   -228
   31   -156
   32   -86
   33   -58
   34   0
   35   -8
   36   32
   37   52
   38   48
   39   80
   40   88
   41   78
   42   104
   43   92
   44   116
   45   110
   46   104
   47   98
   48   136
   49   138
   50   140
   51   148
   52   168
   53   124
   54   146
   55   144
   56   166
   57   150
   58   172
   59   88
   60   102
   61   88
   62   100
   63   96
   64   112
   65   90
