    1   22
    2   102
    3   216
    4   338
    5   210
    6   202
    7   74
    8   -44
    9   -2
   10   -8
   11   -26
   12   -42
   13   -74
   14   -130
   15   -130
   16   -120
   17   -150
   18   -164
   19   -176
   20   -184
   21   -190
   22   -198
   23   -196
   24   -200
   25   -238
   26   -230
   27   -232
   28   -260
   29   -264
   30   -256
   31   -254
   32   -240
   33   -234
   34   -184
   35   -128
   36   -96
   37   -66
   38   -22
   39   20
   40   50
   41   34
   42   62
   43   58
   44   62
   45   58
   46   46
   47   44
   48   14
   49   34
   50   32
   51   36
   52   4
   53   22
   54   18
   55   30
   56   -6
   57   -2
   58   4
   59   14
   60   -8
   61   10
   62   -8
   63   -16
   64   -22
   65   -18
   66   -2
   67   -2
   68   -24
   69   -18
   70   36
   71   26
   72   38
   73   6
   74   -8
   75   12
   76   -24
   77   -32
   78   -38
   79   -40
   80   -46
   81   -44
   82   -62
   83   -26
   84   -74
   85   -50
   86   -52
   87   -54
   88   -46
   89   -64
   90   -38
   91   -72
