    1   212
    2   246
    3   270
    4   310
    5   280
    6   152
    7   24
    8   -24
    9   -52
   10   -32
   11   -86
   12   -114
   13   -104
   14   -100
   15   -122
   16   -122
   17   -140
   18   -140
   19   -152
   20   -186
   21   -180
   22   -198
   23   -204
   24   -224
   25   -200
   26   -206
   27   -174
   28   -206
   29   -146
   30   -72
   31   -34
   32   -52
   33   2
   34   34
   35   66
   36   74
   37   84
   38   110
   39   88
   40   110
   41   96
   42   116
   43   92
   44   80
   45   98
   46   90
   47   88
   48   78
   49   86
   50   76
   51   76
   52   64
   53   68
   54   52
   55   58
   56   54
   57   60
   58   46
   59   40
   60   48
   61   52
   62   42
   63   38
   64   42
   65   40
   66   18
   67   34
   68   26
   69   22
   70   18
   71   16
   72   34
   73   12
   74   14
   75   12
   76   20
   77   12
   78   18
   79   22
   80   18
   81   10
   82   10
   83   -4
   84   34
   85   2
   86   10
   87   20
   88   12
   89   4
   90   22
   91   20
   92   6
   93   12
   94   22
   95   12
   96   30
   97   16
   98   32
   99   24
  100   20
  101   18
  102   22
  103   14
  104   34
  105   2
  106   18
  107   22
  108   10
  109   12
  110   6
  111   12
  112   4
  113   12
  114   18
  115   4
  116   12
  117   0
  118   20
  119   20
  120   6
  121   -2
  122   14
  123   34
  124   32
  125   36
  126   -12
  127   62
  128   12
  129   -10
  130   -4
  131   -46
  132   8
  133   16
  134   -2
  135   -10
  136   -10
  137   -22
  138   -12
  139   14
  140   -20
  141   -20
  142   24
  143   -16
  144   26
  145   52
  146   168
  147   295
  148   248
  149   202
  150   74
  151   -10
