    1   -134
    2   -262
    3   -158
    4   -174
    5   -178
    6   -182
    7   -192
    8   -198
    9   -190
   10   -206
   11   -212
   12   -214
   13   -232
   14   -252
   15   -256
   16   -274
   17   -300
   18   -286
   19   -300
   20   -288
   21   -266
   22   -228
   23   -210
   24   -148
   25   -94
   26   -78
   27   -44
   28   -36
   29   -12
   30   2
   31   18
   32   -14
   33   -8
   34   -14
   35   -12
   36   -16
   37   -6
   38   -52
   39   -16
   40   -38
   41   -34
   42   20
   43   28
   44   38
   45   14
   46   -22
   47   -18
   48   -24
   49   14
   50   -2
   51   -4
