    1   96
    2   222
    3   228
    4   188
    5   60
    6   -30
    7   60
    8   82
    9   32
   10   70
   11   48
   12   -78
   13   -118
   14   -122
   15   -144
   16   -152
   17   -158
   18   -156
   19   -170
   20   -176
   21   -192
   22   -180
   23   -186
   24   -198
   25   -184
   26   -196
   27   -196
   28   -196
   29   -180
   30   -180
   31   -174
   32   -164
   33   -160
   34   -128
   35   -110
   36   -94
   37   -52
   38   -18
   39   16
   40   36
   41   70
   42   84
   43   104
   44   112
   45   132
   46   120
   47   120
   48   106
   49   102
   50   96
   51   76
   52   64
   53   64
   54   48
   55   56
   56   44
   57   32
   58   40
   59   22
   60   18
   61   14
   62   18
   63   2
   64   10
   65   8
   66   -2
   67   -2
   68   0
   69   -2
   70   -2
   71   -18
   72   -18
   73   -6
   74   -16
   75   -18
   76   -26
   77   -14
   78   -18
   79   -16
   80   -28
   81   -28
   82   -12
   83   -28
   84   -32
   85   -18
   86   -16
   87   -30
   88   -32
   89   -22
   90   -20
   91   -24
   92   -22
   93   -26
   94   -14
   95   -28
   96   -20
   97   -22
   98   -20
   99   -20
  100   -2
  101   10
  102   16
  103   12
  104   -4
  105   4
  106   -6
  107   -38
  108   -36
  109   -34
  110   -50
  111   -34
  112   -40
  113   -42
  114   -42
  115   -44
  116   -38
  117   -24
  118   -36
  119   -32
  120   -24
  121   -30
  122   -12
