    1   277
    2   404
    3   284
    4   314
    5   186
    6   82
    7   134
    8   164
    9   172
   10   154
   11   168
   12   72
   13   50
   14   40
   15   36
   16   14
   17   -2
   18   16
   19   6
   20   -18
   21   -12
   22   -14
   23   -28
   24   -34
   25   -48
   26   -44
   27   -56
   28   -64
   29   -68
   30   -64
   31   -66
   32   -72
   33   -78
   34   -78
   35   -76
   36   -14
   37   0
   38   54
   39   78
   40   118
   41   154
   42   146
   43   118
   44   124
   45   134
   46   134
   47   120
   48   122
   49   118
   50   110
   51   104
   52   96
   53   102
   54   106
   55   90
   56   112
   57   116
   58   114
   59   110
   60   122
   61   118
   62   124
   63   136
   64   208
   65   332
   66   459
   67   388
   68   364
   69   236
