    1   168
    2   270
    3   310
    4   248
    5   120
    6   -2
    7   98
    8   132
    9   86
   10   110
   11   90
   12   -38
   13   -92
   14   -102
   15   -116
   16   -130
   17   -150
   18   -150
   19   -162
   20   -168
   21   -178
   22   -180
   23   -188
   24   -190
   25   -202
   26   -190
   27   -160
   28   -188
   29   -190
   30   -176
   31   -164
   32   -172
   33   -168
   34   -158
   35   -124
   36   -92
   37   -46
   38   -10
   39   14
   40   4
   41   12
   42   28
   43   50
   44   64
   45   68
   46   74
   47   74
   48   72
   49   60
   50   54
   51   46
   52   42
   53   24
   54   20
   55   14
   56   20
   57   8
   58   4
   59   2
   60   6
   61   0
   62   -4
   63   -4
   64   0
   65   -8
   66   -8
   67   10
   68   60
   69   172
   70   298
   71   210
   72   248
   73   120
   74   90
