    1   100
    2   140
    3   252
    4   379
    5   336
    6   306
    7   178
    8   50
    9   38
   10   88
   11   2
   12   36
   13   38
   14   4
   15   4
   16   -48
   17   -24
   18   -54
   19   -92
   20   -94
   21   -96
   22   -160
   23   -168
   24   -190
   25   -244
   26   -188
   27   -212
   28   -188
   29   -164
   30   -156
   31   -114
   32   -64
   33   -28
   34   4
   35   28
   36   24
   37   68
   38   76
   39   88
   40   114
   41   98
   42   110
   43   94
   44   136
   45   138
   46   130
   47   114
   48   90
   49   112
   50   74
   51   122
   52   116
   53   108
   54   114
   55   110
