    1   186
    2   196
    3   296
    4   423
    5   384
    6   356
    7   228
    8   100
    9   52
   10   64
   11   -4
   12   4
   13   12
   14   -24
   15   -64
   16   -64
   17   -84
   18   -106
   19   -138
   20   -144
   21   -144
   22   -188
   23   -196
   24   -232
   25   -236
   26   -244
   27   -246
   28   -230
   29   -206
   30   -220
   31   -140
   32   -100
   33   -78
   34   -26
   35   10
   36   36
   37   48
   38   56
   39   58
   40   88
   41   72
   42   90
   43   76
   44   82
   45   34
   46   68
   47   72
   48   92
   49   112
   50   96
   51   50
   52   86
   53   72
   54   82
   55   82
   56   22
   57   92
