    1   76
    2   94
    3   -2
    4   -8
    5   -44
    6   -52
    7   -74
    8   -62
    9   -144
   10   -142
   11   -142
   12   -166
   13   -166
   14   -140
   15   -176
   16   -194
   17   -166
   18   -234
   19   -146
   20   -204
   21   -216
   22   -192
   23   -210
   24   -180
   25   -146
   26   -170
   27   -104
   28   -106
   29   -52
   30   -18
   31   -12
   32   12
   33   40
   34   38
   35   58
   36   54
   37   72
   38   44
   39   36
   40   10
   41   66
   42   12
   43   2
   44   20
   45   16
   46   24
   47   24
   48   4
   49   16
   50   6
   51   8
   52   -6
   53   12
   54   -16
   55   -6
   56   -8
   57   -4
   58   -22
   59   -14
   60   -20
   61   -18
   62   -20
   63   -14
   64   -18
   65   -16
   66   -24
   67   -18
   68   -14
   69   -18
   70   -30
   71   -8
   72   -12
   73   -18
   74   -20
   75   -2
   76   -8
   77   -6
   78   -18
   79   -14
   80   8
   81   -12
   82   -14
   83   4
   84   -10
   85   -10
   86   0
   87   -16
   88   6
   89   -4
   90   -14
   91   16
   92   0
   93   -14
   94   0
   95   -2
   96   2
   97   -4
   98   -12
   99   -4
  100   12
  101   0
  102   -16
  103   10
  104   4
  105   16
  106   -2
  107   2
  108   10
  109   10
  110   6
  111   12
  112   14
  113   6
  114   8
  115   26
  116   28
  117   12
  118   20
  119   40
  120   36
  121   48
  122   60
  123   40
  124   40
  125   32
  126   14
  127   2
  128   22
  129   0
  130   8
  131   2
  132   16
  133   -8
  134   2
  135   0
  136   10
  137   -4
  138   8
  139   28
  140   58
  141   148
  142   248
  143   202
  144   124
  145   -4
  146   -36
  147   2
