    1   98
    2   122
    3   102
    4   114
    5   -12
    6   -84
    7   -58
    8   -104
    9   -116
   10   -134
   11   -156
   12   -156
   13   -142
   14   -174
   15   -162
   16   -206
   17   -228
   18   -186
   19   -236
   20   -238
   21   -246
   22   -254
   23   -236
   24   -254
   25   -228
   26   -154
   27   -156
   28   -114
   29   -86
   30   -8
   31   0
   32   60
   33   46
   34   64
   35   78
   36   84
   37   68
   38   74
   39   58
   40   60
   41   50
   42   46
   43   42
   44   34
   45   26
   46   26
   47   36
   48   18
   49   38
   50   18
   51   22
   52   20
   53   12
   54   -2
   55   18
   56   8
   57   -16
   58   12
   59   -2
   60   4
   61   -24
   62   44
   63   -16
   64   -6
   65   -20
   66   2
   67   14
   68   -30
   69   4
   70   -20
   71   -12
   72   8
   73   -16
   74   -8
   75   12
   76   0
   77   4
   78   -6
   79   4
   80   -4
   81   0
   82   0
   83   0
   84   -8
   85   -2
   86   0
   87   -2
   88   -8
   89   -2
   90   -4
   91   2
   92   -2
   93   4
   94   20
   95   2
   96   12
   97   10
   98   24
   99   2
  100   22
  101   -14
  102   16
  103   -8
  104   -2
  105   -6
  106   24
  107   -2
  108   12
  109   26
  110   14
  111   28
  112   -2
  113   24
  114   10
  115   10
  116   -2
  117   2
  118   18
  119   28
  120   40
  121   46
  122   56
  123   24
  124   8
  125   26
  126   6
  127   -6
  128   -12
  129   4
  130   0
  131   12
  132   18
  133   -2
  134   4
  135   4
  136   16
  137   2
  138   12
  139   14
  140   2
  141   54
  142   82
  143   148
  144   275
  145   204
  146   192
  147   64
  148   -20
  149   44
