    1   62
    2   182
    3   272
    4   358
    5   342
    6   214
    7   86
    8   -28
    9   -24
   10   -28
   11   -14
   12   24
   13   -16
   14   -98
   15   -116
   16   -102
   17   -132
   18   -138
   19   -156
   20   -184
   21   -200
   22   -232
   23   -278
   24   -302
   25   -290
   26   -278
   27   -304
   28   -266
   29   -256
   30   -178
   31   -164
   32   -108
   33   -64
   34   -54
   35   2
   36   38
   37   36
   38   82
   39   94
   40   106
   41   118
   42   136
   43   120
   44   128
   45   130
   46   154
   47   150
   48   136
   49   138
   50   88
   51   132
   52   168
   53   158
   54   160
   55   116
   56   132
   57   98
   58   130
   59   94
   60   114
   61   122
