    1   -66
    2   -114
    3   -188
    4   -178
    5   -92
    6   -108
    7   -126
    8   -166
    9   -138
   10   -146
   11   -138
   12   -180
   13   -188
   14   -210
   15   -220
   16   -286
   17   -238
   18   -288
   19   -284
   20   -282
   21   -234
   22   -214
   23   -168
   24   -120
   25   -110
   26   17
   27   -44
   28   22
   29   26
   30   32
   31   46
   32   34
   33   40
   34   30
   35   42
   36   42
   37   30
   38   36
   39   4
   40   108
   41   24
   42   38
   43   24
   44   48
   45   40
   46   74
   47   -12
   48   68
   49   22
   50   20
   51   8
   52   20
   53   4
   54   -6
   55   24
   56   34
   57   -26
   58   34
   59   16
   60   24
   61   24
   62   78
   63   58
   64   44
   65   38
   66   32
   67   -4
   68   -6
   69   -12
   70   6
   71   4
   72   -26
   73   20
   74   -26
   75   -58
   76   69
   77   -54
   78   2
   79   10
   80   137
   81   252
   82   206
   83   154
   84   26
   85   -102
   86   -170
