    1   208
    2   335
    3   324
    4   292
    5   164
    6   36
    7   -22
    8   24
    9   -38
   10   36
   11   0
   12   -26
   13   -80
   14   -38
   15   -92
   16   -84
   17   -116
   18   -72
   19   -104
   20   -128
   21   -136
   22   -150
   23   -162
   24   -146
   25   -190
   26   -158
   27   -152
   28   -114
   29   -60
   30   -34
   31   -12
   32   20
   33   58
   34   74
   35   90
   36   98
   37   110
   38   104
   39   124
   40   90
   41   118
   42   78
   43   98
   44   78
   45   94
   46   94
   47   102
   48   98
   49   88
   50   98
   51   134
   52   160
   53   120
   54   138
   55   120
   56   120
   57   138
   58   124
   59   102
   60   132
