    1   86
    2   72
    3   168
    4   276
    5   210
    6   220
    7   92
    8   -34
    9   -36
   10   -36
   11   -86
   12   -90
   13   -66
   14   -122
   15   -118
   16   -108
   17   -144
   18   -164
   19   -168
   20   -198
   21   -198
   22   -226
   23   -190
   24   -264
   25   -264
   26   -274
   27   -256
   28   -262
   29   -244
   30   -214
   31   -190
   32   -150
   33   -106
   34   -94
   35   -20
   36   -22
   37   -6
   38   24
   39   32
   40   28
   41   42
   42   54
   43   60
   44   46
   45   62
   46   68
   47   56
   48   58
   49   82
   50   84
   51   90
   52   104
   53   70
   54   128
   55   128
   56   132
   57   108
   58   90
   59   146
   60   90
   61   172
   62   132
   63   172
   64   44
