    1   76
    2   62
    3   188
    4   315
    5   218
    6   144
    7   16
    8   -100
    9   -32
   10   -24
   11   -102
   12   -106
   13   -68
   14   -68
   15   -146
   16   -178
   17   -106
   18   -170
   19   -170
   20   -174
   21   -174
   22   -184
   23   -208
   24   -230
   25   -236
   26   -224
   27   -196
   28   -212
   29   -230
   30   -182
   31   -198
   32   -134
   33   -114
   34   -46
   35   -28
   36   -10
   37   40
   38   32
   39   58
   40   54
   41   114
   42   48
   43   98
   44   82
   45   82
   46   2
   47   76
   48   50
   49   90
   50   42
   51   6
   52   40
   53   46
   54   60
   55   62
   56   74
   57   92
   58   86
