    1   208
    2   250
    3   254
    4   244
    5   278
    6   158
    7   30
    8   0
    9   -36
   10   -52
   11   -70
   12   -74
   13   -90
   14   -98
   15   -96
   16   -106
   17   -116
   18   -112
   19   -112
   20   -116
   21   -130
   22   -146
   23   -150
   24   -140
   25   -146
   26   -134
   27   -120
   28   -92
   29   -76
   30   -38
   31   -18
   32   20
   33   54
   34   72
   35   72
   36   68
   37   82
   38   86
   39   84
   40   76
   41   64
   42   66
   43   66
   44   56
   45   56
   46   66
   47   58
   48   64
   49   60
   50   74
   51   80
   52   86
   53   104
   54   100
   55   74
   56   74
   57   88
   58   82
   59   64
   60   44
   61   18
   62   14
   63   6
   64   2
   65   -6
   66   0
   67   -6
   68   -4
   69   -2
   70   -6
   71   -2
   72   14
   73   32
