    1   116
    2   112
    3   110
    4   138
    5   10
    6   -118
    7   -130
    8   -158
    9   -166
   10   -188
   11   -186
   12   -190
   13   -202
   14   -212
   15   -206
   16   -216
   17   -220
   18   -230
   19   -228
   20   -240
   21   -244
   22   -230
   23   -230
   24   -214
   25   -208
   26   -182
   27   -156
   28   -126
   29   -84
   30   -46
   31   -22
   32   -12
   33   -2
   34   2
   35   8
   36   18
   37   16
   38   12
   39   2
   40   -6
   41   -12
   42   -14
   43   -18
   44   -16
   45   -22
   46   -30
   47   -20
   48   -24
   49   -30
   50   -22
   51   -18
   52   -14
   53   2
   54   8
   55   12
   56   6
   57   -4
   58   6
   59   6
   60   8
   61   -12
   62   -20
   63   -42
   64   -56
   65   -66
   66   -66
   67   -62
   68   -68
   69   -72
   70   -74
   71   -64
   72   -72
   73   -72
   74   -70
   75   -64
   76   -74
   77   -70
   78   -70
   79   -68
   80   -72
   81   -72
   82   -60
   83   -54
   84   -56
   85   -58
   86   -46
   87   -38
   88   -36
   89   -6
   90   16
   91   6
   92   56
